1
-112.500000  -112.500000  8
400  1
1.000000  -20.000000  z  1
1.000000  -8.000000  0.000000  -20.000000  z  1  b    1.3245e+01    8.9692e+01  v    1.1325e+01    1.8969e+01
900  1
1.000000  -20.000000  z  1
1.000000  -8.000000  0.000000  -20.000000  z  1  b    3.9010e+01    1.8302e+02  v    1.3901e+01    2.8302e+01
2100  1
1.000000  -20.000000  z  1
1.000000  -8.000000  0.000000  -20.000000  z  1  b    1.0923e+02    3.6954e+02  v    2.0923e+01    4.6954e+01
5000  1
1.000000  -20.000000  z  1
1.000000  -8.000000  0.000000  -20.000000  z  1  b    2.8903e+02    7.1644e+02  v    3.8903e+01    8.1644e+01
12000  1
1.000000  -20.000000  z  1
1.000000  -8.000000  0.000000  -20.000000  z  1  b    7.1342e+02    1.2876e+03  v    8.1342e+01    1.3876e+02
26000  1
1.000000  -20.000000  z  1
1.000000  -8.000000  0.000000  -20.000000  z  1  b    1.4483e+03    1.9594e+03  v    1.5483e+02    2.0594e+02
60000  1
1.000000  -20.000000  z  1
1.000000  -8.000000  0.000000  -20.000000  z  1  b    2.7528e+03    2.7158e+03  v    2.8528e+02    2.8158e+02
140000  1
1.000000  -20.000000  z  1
1.000000  -8.000000  0.000000  -20.000000  z  1  b    4.5814e+03    3.2584e+03  v    4.6814e+02    3.3584e+02
