! SIMPLE FORMAT
-2.275000000000000000e+02 -2.175000000000000000e+02 -2.075000000000000000e+02 -1.975000000000000000e+02 -1.937606646799015472e-04 1.000003875213293592e+00
-2.275000000000000000e+02 -2.175000000000000000e+02 -1.975000000000000000e+02 -1.875000000000000000e+02 -8.737229690710988190e-04 1.000017474459381495e+00
-2.275000000000000000e+02 -2.175000000000000000e+02 -1.875000000000000000e+02 -1.775000000000000000e+02 -2.577640438200105941e-03 1.000051552808763899e+00
-2.275000000000000000e+02 -2.175000000000000000e+02 -1.775000000000000000e+02 -1.675000000000000000e+02 -6.132058681790676126e-03 1.000122641173635918e+00
-2.275000000000000000e+02 -2.175000000000000000e+02 -1.675000000000000000e+02 -1.575000000000000000e+02 -1.257061510447806708e-02 1.000251412302089582e+00
-2.275000000000000000e+02 -2.175000000000000000e+02 -1.575000000000000000e+02 -1.475000000000000000e+02 -2.045609105065047950e-02 1.000409121821012937e+00
-2.275000000000000000e+02 -2.175000000000000000e+02 -1.475000000000000000e+02 -1.375000000000000000e+02 -3.817349701897894410e-02 1.000763469940379569e+00
-2.275000000000000000e+02 -2.175000000000000000e+02 -1.375000000000000000e+02 -1.275000000000000000e+02 -7.369885424200840751e-02 1.001473977084840206e+00
-2.275000000000000000e+02 -2.175000000000000000e+02 -1.275000000000000000e+02 -1.175000000000000000e+02 -1.037285324275218495e-01 1.002074570648550544e+00
-2.275000000000000000e+02 -2.175000000000000000e+02 -1.175000000000000000e+02 -1.075000000000000000e+02 -1.554912917249916260e-01 1.003109825834499924e+00
-2.275000000000000000e+02 -2.175000000000000000e+02 -1.075000000000000000e+02 -9.750000000000000000e+01 -2.402248764883230803e-01 1.004804497529766527e+00
-2.275000000000000000e+02 -2.175000000000000000e+02 -9.750000000000000000e+01 -8.750000000000000000e+01 -3.638287647445596629e-01 1.007276575294891119e+00
-2.275000000000000000e+02 -2.175000000000000000e+02 -8.750000000000000000e+01 -7.750000000000000000e+01 -5.329543517107875328e-01 1.010659087034215808e+00
-2.275000000000000000e+02 -2.175000000000000000e+02 -7.750000000000000000e+01 -6.750000000000000000e+01 -1.088950459312189922e+00 1.021779009186243758e+00
-2.275000000000000000e+02 -2.175000000000000000e+02 -6.750000000000000000e+01 -5.750000000000000000e+01 -1.604653536000071989e+00 1.032093070720001338e+00
-2.175000000000000000e+02 -2.075000000000000000e+02 -1.975000000000000000e+02 -1.875000000000000000e+02 -2.591029042086703815e-04 1.000005182058084197e+00
-2.175000000000000000e+02 -2.075000000000000000e+02 -1.875000000000000000e+02 -1.775000000000000000e+02 -1.183864736512131198e-03 1.000023677294730184e+00
-2.175000000000000000e+02 -2.075000000000000000e+02 -1.775000000000000000e+02 -1.675000000000000000e+02 -3.537876706315197864e-03 1.000070757534126331e+00
-2.175000000000000000e+02 -2.075000000000000000e+02 -1.675000000000000000e+02 -1.575000000000000000e+02 -8.332146863254523764e-03 1.000166642937265093e+00
-2.175000000000000000e+02 -2.075000000000000000e+02 -1.575000000000000000e+02 -1.475000000000000000e+02 -1.466708814182322851e-02 1.000293341762836574e+00
-2.175000000000000000e+02 -2.075000000000000000e+02 -1.475000000000000000e+02 -1.375000000000000000e+02 -2.928520576078802798e-02 1.000585704115215746e+00
-2.175000000000000000e+02 -2.075000000000000000e+02 -1.375000000000000000e+02 -1.275000000000000000e+02 -6.015098204257931375e-02 1.001203019640851677e+00
-2.175000000000000000e+02 -2.075000000000000000e+02 -1.275000000000000000e+02 -1.175000000000000000e+02 -8.706608833705242745e-02 1.001741321766741022e+00
-2.175000000000000000e+02 -2.075000000000000000e+02 -1.175000000000000000e+02 -1.075000000000000000e+02 -1.336410427991406580e-01 1.002672820855982749e+00
-2.175000000000000000e+02 -2.075000000000000000e+02 -1.075000000000000000e+02 -9.750000000000000000e+01 -2.112807660747803296e-01 1.004225615321495679e+00
-2.175000000000000000e+02 -2.075000000000000000e+02 -9.750000000000000000e+01 -8.750000000000000000e+01 -3.266486924415147319e-01 1.006532973848830226e+00
-2.175000000000000000e+02 -2.075000000000000000e+02 -8.750000000000000000e+01 -7.750000000000000000e+01 -4.869335225743306461e-01 1.009738670451486575e+00
-2.175000000000000000e+02 -2.075000000000000000e+02 -7.750000000000000000e+01 -6.750000000000000000e+01 -1.022840057582997675e+00 1.020456801151659931e+00
-2.175000000000000000e+02 -2.075000000000000000e+02 -6.750000000000000000e+01 -5.750000000000000000e+01 -1.531441100894993745e+00 1.030628822017899848e+00
-2.175000000000000000e+02 -2.075000000000000000e+02 -5.750000000000000000e+01 -4.750000000000000000e+01 -2.139295983669869283e+00 1.042785919673397288e+00
-2.075000000000000000e+02 -1.975000000000000000e+02 -1.875000000000000000e+02 -1.775000000000000000e+02 -3.545820292610840489e-04 1.000007091640585211e+00
-2.075000000000000000e+02 -1.975000000000000000e+02 -1.775000000000000000e+02 -1.675000000000000000e+02 -1.645555196392175677e-03 1.000032911103927891e+00
-2.075000000000000000e+02 -1.975000000000000000e+02 -1.675000000000000000e+02 -1.575000000000000000e+02 -4.885162706814318197e-03 1.000097703254136272e+00
-2.075000000000000000e+02 -1.975000000000000000e+02 -1.575000000000000000e+02 -1.475000000000000000e+02 -9.698911485568513513e-03 1.000193978229711345e+00
-2.075000000000000000e+02 -1.975000000000000000e+02 -1.475000000000000000e+02 -1.375000000000000000e+02 -2.124395211080755755e-02 1.000424879042216109e+00
-2.075000000000000000e+02 -1.975000000000000000e+02 -1.375000000000000000e+02 -1.275000000000000000e+02 -4.735119335107926958e-02 1.000947023867021501e+00
-2.075000000000000000e+02 -1.975000000000000000e+02 -1.275000000000000000e+02 -1.175000000000000000e+02 -7.107427493370271909e-02 1.001421485498674047e+00
-2.075000000000000000e+02 -1.975000000000000000e+02 -1.175000000000000000e+02 -1.075000000000000000e+02 -1.122685060861079859e-01 1.002245370121722212e+00
-2.075000000000000000e+02 -1.975000000000000000e+02 -1.075000000000000000e+02 -9.750000000000000000e+01 -1.823860616269975810e-01 1.003647721232539869e+00
-2.075000000000000000e+02 -1.975000000000000000e+02 -9.750000000000000000e+01 -8.750000000000000000e+01 -2.888177527114305643e-01 1.005776355054228688e+00
-2.075000000000000000e+02 -1.975000000000000000e+02 -8.750000000000000000e+01 -7.750000000000000000e+01 -4.392921643893686889e-01 1.008785843287787420e+00
-2.075000000000000000e+02 -1.975000000000000000e+02 -7.750000000000000000e+01 -6.750000000000000000e+01 -9.520398968262562267e-01 1.019040797936525022e+00
-2.075000000000000000e+02 -1.975000000000000000e+02 -6.750000000000000000e+01 -5.750000000000000000e+01 -1.451473660283606248e+00 1.029029473205672174e+00
-2.075000000000000000e+02 -1.975000000000000000e+02 -5.750000000000000000e+01 -4.750000000000000000e+01 -2.059039280546077766e+00 1.041180785610921644e+00
-2.075000000000000000e+02 -1.975000000000000000e+02 -4.750000000000000000e+01 -3.750000000000000000e+01 -2.805395365604382629e+00 1.056107907312087590e+00
-1.975000000000000000e+02 -1.875000000000000000e+02 -1.775000000000000000e+02 -1.675000000000000000e+02 -5.005108728032593712e-04 1.000010010217456058e+00
-1.975000000000000000e+02 -1.875000000000000000e+02 -1.675000000000000000e+02 -1.575000000000000000e+02 -2.322995561542288371e-03 1.000046459911230867e+00
-1.975000000000000000e+02 -1.875000000000000000e+02 -1.575000000000000000e+02 -1.475000000000000000e+02 -5.678548734771465302e-03 1.000113570974695332e+00
-1.975000000000000000e+02 -1.875000000000000000e+02 -1.475000000000000000e+02 -1.375000000000000000e+02 -1.424564272328330237e-02 1.000284912854465746e+00
-1.975000000000000000e+02 -1.875000000000000000e+02 -1.375000000000000000e+02 -1.275000000000000000e+02 -3.555822429025342485e-02 1.000711164485805105e+00
-1.975000000000000000e+02 -1.875000000000000000e+02 -1.275000000000000000e+02 -1.175000000000000000e+02 -5.606631776304881604e-02 1.001121326355260965e+00
-1.975000000000000000e+02 -1.875000000000000000e+02 -1.175000000000000000e+02 -1.075000000000000000e+02 -9.176727231023196207e-02 1.001835345446204562e+00
-1.975000000000000000e+02 -1.875000000000000000e+02 -1.075000000000000000e+02 -9.750000000000000000e+01 -1.540092979505034709e-01 1.003080185959010162e+00
-1.975000000000000000e+02 -1.875000000000000000e+02 -9.750000000000000000e+01 -8.750000000000000000e+01 -2.508410575049421776e-01 1.005016821150098938e+00
-1.975000000000000000e+02 -1.875000000000000000e+02 -8.750000000000000000e+01 -7.750000000000000000e+01 -3.905168051781092164e-01 1.007810336103562188e+00
-1.975000000000000000e+02 -1.875000000000000000e+02 -7.750000000000000000e+01 -6.750000000000000000e+01 -8.767473116642058306e-01 1.017534946233284110e+00
-1.975000000000000000e+02 -1.875000000000000000e+02 -6.750000000000000000e+01 -5.750000000000000000e+01 -1.364532415599591042e+00 1.027290648311991905e+00
-1.975000000000000000e+02 -1.875000000000000000e+02 -5.750000000000000000e+01 -4.750000000000000000e+01 -1.969673468091165613e+00 1.039393469361823419e+00
-1.975000000000000000e+02 -1.875000000000000000e+02 -4.750000000000000000e+01 -3.750000000000000000e+01 -2.779444174724140293e+00 1.055588883494482877e+00
-1.975000000000000000e+02 -1.875000000000000000e+02 -3.750000000000000000e+01 -2.750000000000000000e+01 -1.615662280368644677e+00 1.032313245607372920e+00
-1.875000000000000000e+02 -1.775000000000000000e+02 -1.675000000000000000e+02 -1.575000000000000000e+02 -7.285112849401333829e-04 1.000014570225698840e+00
-1.875000000000000000e+02 -1.775000000000000000e+02 -1.575000000000000000e+02 -1.475000000000000000e+02 -2.708024583671442623e-03 1.000054160491673505e+00
-1.875000000000000000e+02 -1.775000000000000000e+02 -1.475000000000000000e+02 -1.375000000000000000e+02 -8.483001170884912553e-03 1.000169660023417784e+00
-1.875000000000000000e+02 -1.775000000000000000e+02 -1.375000000000000000e+02 -1.275000000000000000e+02 -2.504718171264636029e-02 1.000500943634252904e+00
-1.875000000000000000e+02 -1.775000000000000000e+02 -1.275000000000000000e+02 -1.175000000000000000e+02 -4.240206385971465042e-02 1.000848041277194289e+00
-1.875000000000000000e+02 -1.775000000000000000e+02 -1.175000000000000000e+02 -1.075000000000000000e+02 -7.263413245058826517e-02 1.001452682649011772e+00
-1.875000000000000000e+02 -1.775000000000000000e+02 -1.075000000000000000e+02 -9.750000000000000000e+01 -1.268064590873235475e-01 1.002536129181746505e+00
-1.875000000000000000e+02 -1.775000000000000000e+02 -9.750000000000000000e+01 -8.750000000000000000e+01 -2.135128489601238189e-01 1.004270256979202580e+00
-1.875000000000000000e+02 -1.775000000000000000e+02 -8.750000000000000000e+01 -7.750000000000000000e+01 -3.414914577528782025e-01 1.006829829155057476e+00
-1.875000000000000000e+02 -1.775000000000000000e+02 -7.750000000000000000e+01 -6.750000000000000000e+01 -7.977836628013569298e-01 1.015955673256027092e+00
-1.875000000000000000e+02 -1.775000000000000000e+02 -6.750000000000000000e+01 -5.750000000000000000e+01 -1.271062683851692965e+00 1.025421253677033961e+00
-1.875000000000000000e+02 -1.775000000000000000e+02 -5.750000000000000000e+01 -4.750000000000000000e+01 -1.871045434612663483e+00 1.037420908692253230e+00
-1.875000000000000000e+02 -1.775000000000000000e+02 -4.750000000000000000e+01 -3.750000000000000000e+01 -2.744841420138364629e+00 1.054896828402767328e+00
-1.875000000000000000e+02 -1.775000000000000000e+02 -3.750000000000000000e+01 -2.750000000000000000e+01 -1.666825092949903109e+00 1.033336501858998169e+00
-1.875000000000000000e+02 -1.775000000000000000e+02 -2.750000000000000000e+01 -1.750000000000000000e+01 3.842918734275383663e+00 1.076858374685507602e+00
-1.775000000000000000e+02 -1.675000000000000000e+02 -1.575000000000000000e+02 -1.475000000000000000e+02 -8.632246297966767248e-04 1.000017264492595981e+00
-1.775000000000000000e+02 -1.675000000000000000e+02 -1.475000000000000000e+02 -1.375000000000000000e+02 -4.123923270180325854e-03 1.000082478465403657e+00
-1.775000000000000000e+02 -1.675000000000000000e+02 -1.375000000000000000e+02 -1.275000000000000000e+02 -1.607001802941301558e-02 1.000321400360588253e+00
-1.775000000000000000e+02 -1.675000000000000000e+02 -1.275000000000000000e+02 -1.175000000000000000e+02 -3.045702313293343830e-02 1.000609140462658697e+00
-1.775000000000000000e+02 -1.675000000000000000e+02 -1.175000000000000000e+02 -1.075000000000000000e+02 -5.546705605844886450e-02 1.001109341121168894e+00
-1.775000000000000000e+02 -1.675000000000000000e+02 -1.075000000000000000e+02 -9.750000000000000000e+01 -1.016798085674921193e-01 1.002033596171349794e+00
-1.775000000000000000e+02 -1.675000000000000000e+02 -9.750000000000000000e+01 -8.750000000000000000e+01 -1.780750256555768130e-01 1.003561500513111548e+00
-1.775000000000000000e+02 -1.675000000000000000e+02 -8.750000000000000000e+01 -7.750000000000000000e+01 -2.937911823429224523e-01 1.005875823646858347e+00
-1.775000000000000000e+02 -1.675000000000000000e+02 -7.750000000000000000e+01 -6.750000000000000000e+01 -7.172848441999080116e-01 1.014345696883998116e+00
-1.775000000000000000e+02 -1.675000000000000000e+02 -6.750000000000000000e+01 -5.750000000000000000e+01 -1.173126487262264650e+00 1.023462529745245320e+00
-1.775000000000000000e+02 -1.675000000000000000e+02 -5.750000000000000000e+01 -4.750000000000000000e+01 -1.764707612887016719e+00 1.035294152257740352e+00
-1.775000000000000000e+02 -1.675000000000000000e+02 -4.750000000000000000e+01 -3.750000000000000000e+01 -2.700391263669599251e+00 1.054007825273391985e+00
-1.775000000000000000e+02 -1.675000000000000000e+02 -3.750000000000000000e+01 -2.750000000000000000e+01 -1.712566462696504255e+00 1.034251329253930152e+00
-1.775000000000000000e+02 -1.675000000000000000e+02 -2.750000000000000000e+01 -1.750000000000000000e+01 3.652704430893770393e+00 1.073054088617875435e+00
-1.775000000000000000e+02 -1.675000000000000000e+02 -1.750000000000000000e+01 -7.500000000000000000e+00 1.482794585171025936e+01 1.296558917034205116e+00
-1.675000000000000000e+02 -1.575000000000000000e+02 -1.475000000000000000e+02 -1.375000000000000000e+02 -1.331926569372515268e-03 1.000026638531387402e+00
-1.675000000000000000e+02 -1.575000000000000000e+02 -1.375000000000000000e+02 -1.275000000000000000e+02 -8.773461854540686236e-03 1.000175469237090775e+00
-1.675000000000000000e+02 -1.575000000000000000e+02 -1.275000000000000000e+02 -1.175000000000000000e+02 -2.051520705691161142e-02 1.000410304141138296e+00
-1.675000000000000000e+02 -1.575000000000000000e+02 -1.175000000000000000e+02 -1.075000000000000000e+02 -4.088900257144224143e-02 1.000817780051428851e+00
-1.675000000000000000e+02 -1.575000000000000000e+02 -1.075000000000000000e+02 -9.750000000000000000e+01 -7.978396214894724336e-02 1.001595679242978987e+00
-1.675000000000000000e+02 -1.575000000000000000e+02 -9.750000000000000000e+01 -8.750000000000000000e+01 -1.463885701944170892e-01 1.002927771403888446e+00
-1.675000000000000000e+02 -1.575000000000000000e+02 -8.750000000000000000e+01 -7.750000000000000000e+01 -2.501105567282864151e-01 1.005002211134565782e+00
-1.675000000000000000e+02 -1.575000000000000000e+02 -7.750000000000000000e+01 -6.750000000000000000e+01 -6.399975665379645795e-01 1.012799951330759285e+00
-1.675000000000000000e+02 -1.575000000000000000e+02 -6.750000000000000000e+01 -5.750000000000000000e+01 -1.076434422367901433e+00 1.021528688447358002e+00
-1.675000000000000000e+02 -1.575000000000000000e+02 -5.750000000000000000e+01 -4.750000000000000000e+01 -1.656560578175015896e+00 1.033131211563500296e+00
-1.675000000000000000e+02 -1.575000000000000000e+02 -4.750000000000000000e+01 -3.750000000000000000e+01 -2.647188054890860176e+00 1.052943761097817177e+00
-1.675000000000000000e+02 -1.575000000000000000e+02 -3.750000000000000000e+01 -2.750000000000000000e+01 -1.748226121349905071e+00 1.034964522426998101e+00
-1.675000000000000000e+02 -1.575000000000000000e+02 -2.750000000000000000e+01 -1.750000000000000000e+01 3.472615888607931467e+00 1.069452317772158656e+00
-1.675000000000000000e+02 -1.575000000000000000e+02 -1.750000000000000000e+01 -7.500000000000000000e+00 1.449244006229939075e+01 1.289848801245987886e+00
-1.675000000000000000e+02 -1.575000000000000000e+02 -7.500000000000000000e+00 2.500000000000000000e+00 2.571978791948620469e+01 1.514395758389724067e+00
-1.575000000000000000e+02 -1.475000000000000000e+02 -1.375000000000000000e+02 -1.275000000000000000e+02 -3.491970917069826819e-03 1.000069839418341378e+00
-1.575000000000000000e+02 -1.475000000000000000e+02 -1.275000000000000000e+02 -1.175000000000000000e+02 -1.279506094711735896e-02 1.000255901218942256e+00
-1.575000000000000000e+02 -1.475000000000000000e+02 -1.175000000000000000e+02 -1.075000000000000000e+02 -2.969429067729252927e-02 1.000593885813545914e+00
-1.575000000000000000e+02 -1.475000000000000000e+02 -1.075000000000000000e+02 -9.750000000000000000e+01 -6.294892753021383291e-02 1.001258978550604306e+00
-1.575000000000000000e+02 -1.475000000000000000e+02 -9.750000000000000000e+01 -8.750000000000000000e+01 -1.218427342954920278e-01 1.002436854685909928e+00
-1.575000000000000000e+02 -1.475000000000000000e+02 -8.750000000000000000e+01 -7.750000000000000000e+01 -2.159139263161933275e-01 1.004318278526323827e+00
-1.575000000000000000e+02 -1.475000000000000000e+02 -7.750000000000000000e+01 -6.750000000000000000e+01 -5.775661758286506631e-01 1.011551323516572953e+00
-1.575000000000000000e+02 -1.475000000000000000e+02 -6.750000000000000000e+01 -5.750000000000000000e+01 -9.969888985506092371e-01 1.019939777971012207e+00
-1.575000000000000000e+02 -1.475000000000000000e+02 -5.750000000000000000e+01 -4.750000000000000000e+01 -1.565681634126486976e+00 1.031313632682529846e+00
-1.575000000000000000e+02 -1.475000000000000000e+02 -4.750000000000000000e+01 -3.750000000000000000e+01 -2.597434668612478958e+00 1.051948693372249499e+00
-1.575000000000000000e+02 -1.475000000000000000e+02 -3.750000000000000000e+01 -2.750000000000000000e+01 -1.771593949495313902e+00 1.035431878989906185e+00
-1.575000000000000000e+02 -1.475000000000000000e+02 -2.750000000000000000e+01 -1.750000000000000000e+01 3.329450357038983732e+00 1.066589007140779755e+00
-1.575000000000000000e+02 -1.475000000000000000e+02 -1.750000000000000000e+01 -7.500000000000000000e+00 1.421744000294200028e+01 1.284348800058840112e+00
-1.575000000000000000e+02 -1.475000000000000000e+02 -7.500000000000000000e+00 2.500000000000000000e+00 2.546370643217167284e+01 1.509274128643433466e+00
-1.575000000000000000e+02 -1.475000000000000000e+02 2.500000000000000000e+00 1.250000000000000000e+01 2.922713560433208357e+01 1.584542712086641547e+00
-1.475000000000000000e+02 -1.375000000000000000e+02 -1.275000000000000000e+02 -1.175000000000000000e+02 -2.853426028900333134e-03 1.000057068520578074e+00
-1.475000000000000000e+02 -1.375000000000000000e+02 -1.175000000000000000e+02 -1.075000000000000000e+02 -1.189308090559409135e-02 1.000237861618111790e+00
-1.475000000000000000e+02 -1.375000000000000000e+02 -1.075000000000000000e+02 -9.750000000000000000e+01 -3.381374652596055852e-02 1.000676274930519138e+00
-1.475000000000000000e+02 -1.375000000000000000e+02 -9.750000000000000000e+01 -8.750000000000000000e+01 -7.749302948647524003e-02 1.001549860589729501e+00
-1.475000000000000000e+02 -1.375000000000000000e+02 -8.750000000000000000e+01 -7.750000000000000000e+01 -1.525830964900808107e-01 1.003051661929801552e+00
-1.475000000000000000e+02 -1.375000000000000000e+02 -7.750000000000000000e+01 -6.750000000000000000e+01 -4.576551309777235343e-01 1.009153102619554376e+00
-1.475000000000000000e+02 -1.375000000000000000e+02 -6.750000000000000000e+01 -5.750000000000000000e+01 -8.428226569781444022e-01 1.016856453139562966e+00
-1.475000000000000000e+02 -1.375000000000000000e+02 -5.750000000000000000e+01 -4.750000000000000000e+01 -1.386342519743128721e+00 1.027726850394862668e+00
-1.475000000000000000e+02 -1.375000000000000000e+02 -4.750000000000000000e+01 -3.750000000000000000e+01 -2.505528126162530178e+00 1.050110562523250524e+00
-1.475000000000000000e+02 -1.375000000000000000e+02 -3.750000000000000000e+01 -2.750000000000000000e+01 -1.842661332000197882e+00 1.036853226640003900e+00
-1.475000000000000000e+02 -1.375000000000000000e+02 -2.750000000000000000e+01 -1.750000000000000000e+01 2.992781192594061057e+00 1.059855623851881257e+00
-1.475000000000000000e+02 -1.375000000000000000e+02 -1.750000000000000000e+01 -7.500000000000000000e+00 1.357407881554139095e+01 1.271481576310827810e+00
-1.475000000000000000e+02 -1.375000000000000000e+02 -7.500000000000000000e+00 2.500000000000000000e+00 2.482519253325723696e+01 1.496503850665144686e+00
-1.475000000000000000e+02 -1.375000000000000000e+02 2.500000000000000000e+00 1.250000000000000000e+01 2.914144488575785630e+01 1.582828897715157002e+00
-1.475000000000000000e+02 -1.375000000000000000e+02 1.250000000000000000e+01 2.250000000000000000e+01 2.171087064790086174e+01 1.434217412958017190e+00
-1.375000000000000000e+02 -1.275000000000000000e+02 -1.175000000000000000e+02 -1.075000000000000000e+02 -2.911161900018804059e-03 1.000058223238000421e+00
-1.375000000000000000e+02 -1.275000000000000000e+02 -1.075000000000000000e+02 -9.750000000000000000e+01 -1.381938768989164276e-02 1.000276387753797902e+00
-1.375000000000000000e+02 -1.275000000000000000e+02 -9.750000000000000000e+01 -8.750000000000000000e+01 -4.149704290751753816e-02 1.000829940858150247e+00
-1.375000000000000000e+02 -1.275000000000000000e+02 -8.750000000000000000e+01 -7.750000000000000000e+01 -9.548136213842838005e-02 1.001909627242768552e+00
-1.375000000000000000e+02 -1.275000000000000000e+02 -7.750000000000000000e+01 -6.750000000000000000e+01 -3.336142193500574726e-01 1.006672284387001071e+00
-1.375000000000000000e+02 -1.275000000000000000e+02 -6.750000000000000000e+01 -5.750000000000000000e+01 -6.711966890988855239e-01 1.013423933781977704e+00
-1.375000000000000000e+02 -1.275000000000000000e+02 -5.750000000000000000e+01 -4.750000000000000000e+01 -1.174023937631790693e+00 1.023480478752635925e+00
-1.375000000000000000e+02 -1.275000000000000000e+02 -4.750000000000000000e+01 -3.750000000000000000e+01 -2.368730175779505842e+00 1.047374603515590197e+00
-1.375000000000000000e+02 -1.275000000000000000e+02 -3.750000000000000000e+01 -2.750000000000000000e+01 -1.897720860862399661e+00 1.037954417217247904e+00
-1.375000000000000000e+02 -1.275000000000000000e+02 -2.750000000000000000e+01 -1.750000000000000000e+01 2.616481216072697791e+00 1.052329624321453938e+00
-1.375000000000000000e+02 -1.275000000000000000e+02 -1.750000000000000000e+01 -7.500000000000000000e+00 1.281315226559441101e+01 1.256263045311888149e+00
-1.375000000000000000e+02 -1.275000000000000000e+02 -7.500000000000000000e+00 2.500000000000000000e+00 2.402613635488311772e+01 1.480522727097662417e+00
-1.375000000000000000e+02 -1.275000000000000000e+02 2.500000000000000000e+00 1.250000000000000000e+01 2.897368267161694178e+01 1.579473653432338809e+00
-1.375000000000000000e+02 -1.275000000000000000e+02 1.250000000000000000e+01 2.250000000000000000e+01 2.235965518454585776e+01 1.447193103690917138e+00
-1.375000000000000000e+02 -1.275000000000000000e+02 2.250000000000000000e+01 3.250000000000000000e+01 1.060236551997527599e+01 1.212047310399505529e+00
-1.275000000000000000e+02 -1.175000000000000000e+02 -1.075000000000000000e+02 -9.750000000000000000e+01 -5.701343836717456814e-03 1.000114026876734341e+00
-1.275000000000000000e+02 -1.175000000000000000e+02 -9.750000000000000000e+01 -8.750000000000000000e+01 -2.437689246761929468e-02 1.000487537849352293e+00
-1.275000000000000000e+02 -1.175000000000000000e+02 -8.750000000000000000e+01 -7.750000000000000000e+01 -6.609008105019013868e-02 1.001321801621003704e+00
-1.275000000000000000e+02 -1.175000000000000000e+02 -7.750000000000000000e+01 -6.750000000000000000e+01 -2.618312339206266270e-01 1.005236624678412571e+00
-1.275000000000000000e+02 -1.175000000000000000e+02 -6.750000000000000000e+01 -5.750000000000000000e+01 -5.653978282647360576e-01 1.011307956565294708e+00
-1.275000000000000000e+02 -1.175000000000000000e+02 -5.750000000000000000e+01 -4.750000000000000000e+01 -1.035386173173700186e+00 1.020707723463474048e+00
-1.275000000000000000e+02 -1.175000000000000000e+02 -4.750000000000000000e+01 -3.750000000000000000e+01 -2.253736528830008634e+00 1.045074730576600164e+00
-1.275000000000000000e+02 -1.175000000000000000e+02 -3.750000000000000000e+01 -2.750000000000000000e+01 -1.894982269998376045e+00 1.037899645399967596e+00
-1.275000000000000000e+02 -1.175000000000000000e+02 -2.750000000000000000e+01 -1.750000000000000000e+01 2.427083381748842417e+00 1.048541667634976804e+00
-1.275000000000000000e+02 -1.175000000000000000e+02 -1.750000000000000000e+01 -7.500000000000000000e+00 1.239177195797095088e+01 1.247835439159419080e+00
-1.275000000000000000e+02 -1.175000000000000000e+02 -7.500000000000000000e+00 2.500000000000000000e+00 2.356372079288875554e+01 1.471274415857775075e+00
-1.275000000000000000e+02 -1.175000000000000000e+02 2.500000000000000000e+00 1.250000000000000000e+01 2.884772702914164455e+01 1.576954540582832909e+00
-1.275000000000000000e+02 -1.175000000000000000e+02 1.250000000000000000e+01 2.250000000000000000e+01 2.269196212093567766e+01 1.453839242418713429e+00
-1.275000000000000000e+02 -1.175000000000000000e+02 2.250000000000000000e+01 3.250000000000000000e+01 1.106102710894977292e+01 1.221220542178995450e+00
-1.275000000000000000e+02 -1.175000000000000000e+02 3.250000000000000000e+01 4.250000000000000000e+01 4.009369680256577695e+00 1.080187393605131607e+00
-1.175000000000000000e+02 -1.075000000000000000e+02 -9.750000000000000000e+01 -8.750000000000000000e+01 -7.503073467083341483e-03 1.000150061469341711e+00
-1.175000000000000000e+02 -1.075000000000000000e+02 -8.750000000000000000e+01 -7.750000000000000000e+01 -3.126046882989384768e-02 1.000625209376597935e+00
-1.175000000000000000e+02 -1.075000000000000000e+02 -7.750000000000000000e+01 -6.750000000000000000e+01 -1.627046568166159446e-01 1.003254093136332292e+00
-1.175000000000000000e+02 -1.075000000000000000e+02 -6.750000000000000000e+01 -5.750000000000000000e+01 -4.077632334893582788e-01 1.008155264669787110e+00
-1.175000000000000000e+02 -1.075000000000000000e+02 -5.750000000000000000e+01 -4.750000000000000000e+01 -8.155016891409855306e-01 1.016310033782819700e+00
-1.175000000000000000e+02 -1.075000000000000000e+02 -4.750000000000000000e+01 -3.750000000000000000e+01 -2.041137374957675110e+00 1.040822747499153600e+00
-1.175000000000000000e+02 -1.075000000000000000e+02 -3.750000000000000000e+01 -2.750000000000000000e+01 -1.864545321721553961e+00 1.037290906434431115e+00
-1.175000000000000000e+02 -1.075000000000000000e+02 -2.750000000000000000e+01 -1.750000000000000000e+01 2.138268558323562107e+00 1.042765371166471278e+00
-1.175000000000000000e+02 -1.075000000000000000e+02 -1.750000000000000000e+01 -7.500000000000000000e+00 1.170895095152069487e+01 1.234179019030413826e+00
-1.175000000000000000e+02 -1.075000000000000000e+02 -7.500000000000000000e+00 2.500000000000000000e+00 2.277633616016590778e+01 1.455526723203318218e+00
-1.175000000000000000e+02 -1.075000000000000000e+02 2.500000000000000000e+00 1.250000000000000000e+01 2.856387366914138326e+01 1.571277473382827639e+00
-1.175000000000000000e+02 -1.075000000000000000e+02 1.250000000000000000e+01 2.250000000000000000e+01 2.316121770904037191e+01 1.463224354180807429e+00
-1.175000000000000000e+02 -1.075000000000000000e+02 2.250000000000000000e+01 3.250000000000000000e+01 1.177539246732766109e+01 1.235507849346553222e+00
-1.175000000000000000e+02 -1.075000000000000000e+02 3.250000000000000000e+01 4.250000000000000000e+01 4.626046310565575581e+00 1.092520926211311583e+00
-1.175000000000000000e+02 -1.075000000000000000e+02 4.250000000000000000e+01 5.250000000000000000e+01 1.210401391190145004e+00 1.024208027823802825e+00
-1.075000000000000000e+02 -9.750000000000000000e+01 -8.750000000000000000e+01 -7.750000000000000000e+01 -9.235665453548466686e-03 1.000184713309070883e+00
-1.075000000000000000e+02 -9.750000000000000000e+01 -7.750000000000000000e+01 -6.750000000000000000e+01 -7.817383372139061204e-02 1.001563476674427910e+00
-1.075000000000000000e+02 -9.750000000000000000e+01 -6.750000000000000000e+01 -5.750000000000000000e+01 -2.523007025834779204e-01 1.005046014051669490e+00
-1.075000000000000000e+02 -9.750000000000000000e+01 -5.750000000000000000e+01 -4.750000000000000000e+01 -5.749476154132794337e-01 1.011498952308265586e+00
-1.075000000000000000e+02 -9.750000000000000000e+01 -4.750000000000000000e+01 -3.750000000000000000e+01 -1.753281360343515116e+00 1.035065627206870342e+00
-1.075000000000000000e+02 -9.750000000000000000e+01 -3.750000000000000000e+01 -2.750000000000000000e+01 -1.797815903874494969e+00 1.035956318077490002e+00
-1.075000000000000000e+02 -9.750000000000000000e+01 -2.750000000000000000e+01 -1.750000000000000000e+01 1.793990988137131204e+00 1.035879819762742571e+00
-1.075000000000000000e+02 -9.750000000000000000e+01 -1.750000000000000000e+01 -7.500000000000000000e+00 1.083986541468905607e+01 1.216797308293781077e+00
-1.075000000000000000e+02 -9.750000000000000000e+01 -7.500000000000000000e+00 2.500000000000000000e+00 2.171224483441891095e+01 1.434244896688378290e+00
-1.075000000000000000e+02 -9.750000000000000000e+01 2.500000000000000000e+00 1.250000000000000000e+01 2.807712220091704580e+01 1.561542444018340969e+00
-1.075000000000000000e+02 -9.750000000000000000e+01 1.250000000000000000e+01 2.250000000000000000e+01 2.367602910232684010e+01 1.473520582046536909e+00
-1.075000000000000000e+02 -9.750000000000000000e+01 2.250000000000000000e+01 3.250000000000000000e+01 1.269307315876602971e+01 1.253861463175320656e+00
-1.075000000000000000e+02 -9.750000000000000000e+01 3.250000000000000000e+01 4.250000000000000000e+01 5.456796711447024606e+00 1.109135934228940412e+00
-1.075000000000000000e+02 -9.750000000000000000e+01 4.250000000000000000e+01 5.250000000000000000e+01 1.884897483155673292e+00 1.037697949663113572e+00
-1.075000000000000000e+02 -9.750000000000000000e+01 5.250000000000000000e+01 6.250000000000000000e+01 -1.092565211159139422e-03 1.000021851304223164e+00
-9.750000000000000000e+01 -8.750000000000000000e+01 -7.750000000000000000e+01 -6.750000000000000000e+01 -2.321781543156578934e-02 1.000464356308631286e+00
-9.750000000000000000e+01 -8.750000000000000000e+01 -6.750000000000000000e+01 -5.750000000000000000e+01 -1.217601849559622335e-01 1.002435203699119315e+00
-9.750000000000000000e+01 -8.750000000000000000e+01 -5.750000000000000000e+01 -4.750000000000000000e+01 -3.414645375219343970e-01 1.006829290750438588e+00
-9.750000000000000000e+01 -8.750000000000000000e+01 -4.750000000000000000e+01 -3.750000000000000000e+01 -1.375874746910442870e+00 1.027517494938208875e+00
-9.750000000000000000e+01 -8.750000000000000000e+01 -3.750000000000000000e+01 -2.750000000000000000e+01 -1.664864596697507304e+00 1.033297291933950035e+00
-9.750000000000000000e+01 -8.750000000000000000e+01 -2.750000000000000000e+01 -1.750000000000000000e+01 1.420470315546556783e+00 1.028409406310931029e+00
-9.750000000000000000e+01 -8.750000000000000000e+01 -1.750000000000000000e+01 -7.500000000000000000e+00 9.803104948753681214e+00 1.196062098975073651e+00
-9.750000000000000000e+01 -8.750000000000000000e+01 -7.500000000000000000e+00 2.500000000000000000e+00 2.035903114907524625e+01 1.407180622981504925e+00
-9.750000000000000000e+01 -8.750000000000000000e+01 2.500000000000000000e+00 1.250000000000000000e+01 2.730950767426974579e+01 1.546190153485394791e+00
-9.750000000000000000e+01 -8.750000000000000000e+01 1.250000000000000000e+01 2.250000000000000000e+01 2.413196768876363763e+01 1.482639353775272895e+00
-9.750000000000000000e+01 -8.750000000000000000e+01 2.250000000000000000e+01 3.250000000000000000e+01 1.375119028889632666e+01 1.275023805777926622e+00
-9.750000000000000000e+01 -8.750000000000000000e+01 3.250000000000000000e+01 4.250000000000000000e+01 6.470149398776157135e+00 1.129402987975523187e+00
-9.750000000000000000e+01 -8.750000000000000000e+01 4.250000000000000000e+01 5.250000000000000000e+01 2.732659304893441998e+00 1.054653186097868733e+00
-9.750000000000000000e+01 -8.750000000000000000e+01 5.250000000000000000e+01 6.250000000000000000e+01 6.898896732974442170e-01 1.013797793465948782e+00
-9.750000000000000000e+01 -8.750000000000000000e+01 6.250000000000000000e+01 7.250000000000000000e+01 -5.471572655118375206e-01 1.010943145310236657e+00
-8.750000000000000000e+01 -7.750000000000000000e+01 -6.750000000000000000e+01 -5.750000000000000000e+01 -3.468988281997375384e-02 1.000693797656399431e+00
-8.750000000000000000e+01 -7.750000000000000000e+01 -5.750000000000000000e+01 -4.750000000000000000e+01 -1.438318190330548363e-01 1.002876636380661157e+00
-8.750000000000000000e+01 -7.750000000000000000e+01 -4.750000000000000000e+01 -3.750000000000000000e+01 -8.777787873408658958e-01 1.017555575746817320e+00
-8.750000000000000000e+01 -7.750000000000000000e+01 -3.750000000000000000e+01 -2.750000000000000000e+01 -1.403069282687427366e+00 1.028061385653748605e+00
-8.750000000000000000e+01 -7.750000000000000000e+01 -2.750000000000000000e+01 -1.750000000000000000e+01 1.001083076696853702e+00 1.020021661533937030e+00
-8.750000000000000000e+01 -7.750000000000000000e+01 -1.750000000000000000e+01 -7.500000000000000000e+00 8.471693624676122525e+00 1.169433872493522486e+00
-8.750000000000000000e+01 -7.750000000000000000e+01 -7.500000000000000000e+00 2.500000000000000000e+00 1.850671479362710770e+01 1.370134295872542207e+00
-8.750000000000000000e+01 -7.750000000000000000e+01 2.500000000000000000e+00 1.250000000000000000e+01 2.604272596434021025e+01 1.520854519286804152e+00
-8.750000000000000000e+01 -7.750000000000000000e+01 1.250000000000000000e+01 2.250000000000000000e+01 2.442963600600322494e+01 1.488592720120064605e+00
-8.750000000000000000e+01 -7.750000000000000000e+01 2.250000000000000000e+01 3.250000000000000000e+01 1.498960986298373577e+01 1.299792197259674653e+00
-8.750000000000000000e+01 -7.750000000000000000e+01 3.250000000000000000e+01 4.250000000000000000e+01 7.747832997326444371e+00 1.154956659946528852e+00
-8.750000000000000000e+01 -7.750000000000000000e+01 4.250000000000000000e+01 5.250000000000000000e+01 3.836316321414399155e+00 1.076726326428288028e+00
-8.750000000000000000e+01 -7.750000000000000000e+01 5.250000000000000000e+01 6.250000000000000000e+01 1.611685858974044594e+00 1.032233717179480870e+00
-8.750000000000000000e+01 -7.750000000000000000e+01 6.250000000000000000e+01 7.250000000000000000e+01 2.164512539615410236e-01 1.004329025079230719e+00
-8.750000000000000000e+01 -7.750000000000000000e+01 7.250000000000000000e+01 8.250000000000000000e+01 -7.198328983759550992e-01 1.014396657967519211e+00
-7.750000000000000000e+01 -6.750000000000000000e+01 -5.750000000000000000e+01 -4.750000000000000000e+01 -2.040937908198833806e-02 1.000408187581639741e+00
-7.750000000000000000e+01 -6.750000000000000000e+01 -4.750000000000000000e+01 -3.750000000000000000e+01 -2.541934165626060227e-01 1.005083868331252184e+00
-7.750000000000000000e+01 -6.750000000000000000e+01 -3.750000000000000000e+01 -2.750000000000000000e+01 -7.628109342909422663e-01 1.015256218685818945e+00
-7.750000000000000000e+01 -6.750000000000000000e+01 -2.750000000000000000e+01 -1.750000000000000000e+01 3.239569523488082803e-01 1.006479139046976057e+00
-7.750000000000000000e+01 -6.750000000000000000e+01 -1.750000000000000000e+01 -7.500000000000000000e+00 5.589086341522182089e+00 1.111781726830443739e+00
-7.750000000000000000e+01 -6.750000000000000000e+01 -7.500000000000000000e+00 2.500000000000000000e+00 1.397194243687250292e+01 1.279438848737449952e+00
-7.750000000000000000e+01 -6.750000000000000000e+01 2.500000000000000000e+00 1.250000000000000000e+01 2.217098298443783477e+01 1.443419659688756740e+00
-7.750000000000000000e+01 -6.750000000000000000e+01 1.250000000000000000e+01 2.250000000000000000e+01 2.417478514635698161e+01 1.483495702927139615e+00
-7.750000000000000000e+01 -6.750000000000000000e+01 2.250000000000000000e+01 3.250000000000000000e+01 1.774341258621516815e+01 1.354868251724303363e+00
-7.750000000000000000e+01 -6.750000000000000000e+01 3.250000000000000000e+01 4.250000000000000000e+01 1.102239138483567338e+01 1.220447827696713450e+00
-7.750000000000000000e+01 -6.750000000000000000e+01 4.250000000000000000e+01 5.250000000000000000e+01 6.808132390791414856e+00 1.136162647815828208e+00
-7.750000000000000000e+01 -6.750000000000000000e+01 5.250000000000000000e+01 6.250000000000000000e+01 4.168038916770163915e+00 1.083360778335403340e+00
-7.750000000000000000e+01 -6.750000000000000000e+01 6.250000000000000000e+01 7.250000000000000000e+01 2.388133440007307318e+00 1.047762668800146235e+00
-7.750000000000000000e+01 -6.750000000000000000e+01 7.250000000000000000e+01 8.250000000000000000e+01 1.119451830187534913e+00 1.022389036603750689e+00
-7.750000000000000000e+01 -6.750000000000000000e+01 8.250000000000000000e+01 9.250000000000000000e+01 1.866101753524764539e-01 1.003732203507049503e+00
-6.750000000000000000e+01 -5.750000000000000000e+01 -4.750000000000000000e+01 -3.750000000000000000e+01 -1.227131323385971251e-01 1.002454262646771843e+00
-6.750000000000000000e+01 -5.750000000000000000e+01 -3.750000000000000000e+01 -2.750000000000000000e+01 -5.298775136799078744e-01 1.010597550273598211e+00
-6.750000000000000000e+01 -5.750000000000000000e+01 -2.750000000000000000e+01 -1.750000000000000000e+01 1.475993581067562288e-01 1.002951987162135072e+00
-6.750000000000000000e+01 -5.750000000000000000e+01 -1.750000000000000000e+01 -7.500000000000000000e+00 4.478729886039012342e+00 1.089574597720780247e+00
-6.750000000000000000e+01 -5.750000000000000000e+01 -7.500000000000000000e+00 2.500000000000000000e+00 1.196390159580114521e+01 1.239278031916022815e+00
-6.750000000000000000e+01 -5.750000000000000000e+01 2.500000000000000000e+00 1.250000000000000000e+01 2.006821254683374534e+01 1.401364250936675049e+00
-6.750000000000000000e+01 -5.750000000000000000e+01 1.250000000000000000e+01 2.250000000000000000e+01 2.349655079595068230e+01 1.469931015919013539e+00
-6.750000000000000000e+01 -5.750000000000000000e+01 2.250000000000000000e+01 3.250000000000000000e+01 1.879394364291658093e+01 1.375878872858331547e+00
-6.750000000000000000e+01 -5.750000000000000000e+01 3.250000000000000000e+01 4.250000000000000000e+01 1.260403009447368561e+01 1.252080601889473677e+00
-6.750000000000000000e+01 -5.750000000000000000e+01 4.250000000000000000e+01 5.250000000000000000e+01 8.349067065263877652e+00 1.166981341305277642e+00
-6.750000000000000000e+01 -5.750000000000000000e+01 5.250000000000000000e+01 6.250000000000000000e+01 5.542532470732645322e+00 1.110850649414652835e+00
-6.750000000000000000e+01 -5.750000000000000000e+01 6.250000000000000000e+01 7.250000000000000000e+01 3.585793314881875915e+00 1.071715866297637598e+00
-6.750000000000000000e+01 -5.750000000000000000e+01 7.250000000000000000e+01 8.250000000000000000e+01 2.155365482487667350e+00 1.043107309649753400e+00
-6.750000000000000000e+01 -5.750000000000000000e+01 8.250000000000000000e+01 9.250000000000000000e+01 1.080246854455655603e+00 1.021604937089113152e+00
-6.750000000000000000e+01 -5.750000000000000000e+01 9.250000000000000000e+01 1.025000000000000000e+02 2.740930158989472454e-01 1.005481860317978926e+00
-5.750000000000000000e+01 -4.750000000000000000e+01 -3.750000000000000000e+01 -2.750000000000000000e+01 -2.607050464280362689e-01 1.005214100928560672e+00
-5.750000000000000000e+01 -4.750000000000000000e+01 -2.750000000000000000e+01 -1.750000000000000000e+01 -5.944654737920615842e-03 1.000118893094758432e+00
-5.750000000000000000e+01 -4.750000000000000000e+01 -1.750000000000000000e+01 -7.500000000000000000e+00 3.136665366169589575e+00 1.062733307323391774e+00
-5.750000000000000000e+01 -4.750000000000000000e+01 -7.500000000000000000e+00 2.500000000000000000e+00 9.341068874940779310e+00 1.186821377498815666e+00
-5.750000000000000000e+01 -4.750000000000000000e+01 2.500000000000000000e+00 1.250000000000000000e+01 1.692715782182525430e+01 1.338543156436505122e+00
-5.750000000000000000e+01 -4.750000000000000000e+01 1.250000000000000000e+01 2.250000000000000000e+01 2.171762867958684851e+01 1.434352573591736846e+00
-5.750000000000000000e+01 -4.750000000000000000e+01 2.250000000000000000e+01 3.250000000000000000e+01 1.940631668167639035e+01 1.388126333633527887e+00
-5.750000000000000000e+01 -4.750000000000000000e+01 3.250000000000000000e+01 4.250000000000000000e+01 1.429811569527135795e+01 1.285962313905427035e+00
-5.750000000000000000e+01 -4.750000000000000000e+01 4.250000000000000000e+01 5.250000000000000000e+01 1.021129800083554606e+01 1.204225960016710895e+00
-5.750000000000000000e+01 -4.750000000000000000e+01 5.250000000000000000e+01 6.250000000000000000e+01 7.300051409948157044e+00 1.146001028198963212e+00
-5.750000000000000000e+01 -4.750000000000000000e+01 6.250000000000000000e+01 7.250000000000000000e+01 5.177320017147044595e+00 1.103546400342940936e+00
-5.750000000000000000e+01 -4.750000000000000000e+01 7.250000000000000000e+01 8.250000000000000000e+01 3.578398811676084978e+00 1.071567976233521735e+00
-5.750000000000000000e+01 -4.750000000000000000e+01 8.250000000000000000e+01 9.250000000000000000e+01 2.348286727247149042e+00 1.046965734544943016e+00
-5.750000000000000000e+01 -4.750000000000000000e+01 9.250000000000000000e+01 1.025000000000000000e+02 1.406407338338018009e+00 1.028128146766760453e+00
-5.750000000000000000e+01 -4.750000000000000000e+01 1.025000000000000000e+02 1.125000000000000000e+02 7.742758914685217153e-01 1.015485517829370465e+00
-4.750000000000000000e+01 -3.750000000000000000e+01 -2.750000000000000000e+01 -1.750000000000000000e+01 -1.070484328321582024e-01 1.002140968656643150e+00
-4.750000000000000000e+01 -3.750000000000000000e+01 -1.750000000000000000e+01 -7.500000000000000000e+00 8.119058961346324876e-01 1.016238117922692696e+00
-4.750000000000000000e+01 -3.750000000000000000e+01 -7.500000000000000000e+00 2.500000000000000000e+00 3.883859540829425416e+00 1.077677190816588526e+00
-4.750000000000000000e+01 -3.750000000000000000e+01 2.500000000000000000e+00 1.250000000000000000e+01 9.010940019307080107e+00 1.180218800386141575e+00
-4.750000000000000000e+01 -3.750000000000000000e+01 1.250000000000000000e+01 2.250000000000000000e+01 1.484532316298388999e+01 1.296906463259677844e+00
-4.750000000000000000e+01 -3.750000000000000000e+01 2.250000000000000000e+01 3.250000000000000000e+01 1.827190535073080113e+01 1.365438107014615987e+00
-4.750000000000000000e+01 -3.750000000000000000e+01 3.250000000000000000e+01 4.250000000000000000e+01 1.790400255458329326e+01 1.358080051091665741e+00
-4.750000000000000000e+01 -3.750000000000000000e+01 4.250000000000000000e+01 5.250000000000000000e+01 1.572994368665103515e+01 1.314598873733020756e+00
-4.750000000000000000e+01 -3.750000000000000000e+01 5.250000000000000000e+01 6.250000000000000000e+01 1.329680864104010496e+01 1.265936172820802064e+00
-4.750000000000000000e+01 -3.750000000000000000e+01 6.250000000000000000e+01 7.250000000000000000e+01 1.110603896086896469e+01 1.222120779217379383e+00
-4.750000000000000000e+01 -3.750000000000000000e+01 7.250000000000000000e+01 8.250000000000000000e+01 9.250215658893418791e+00 1.185004313177868474e+00
-4.750000000000000000e+01 -3.750000000000000000e+01 8.250000000000000000e+01 9.250000000000000000e+01 7.710173406487756509e+00 1.154203468129755050e+00
-4.750000000000000000e+01 -3.750000000000000000e+01 9.250000000000000000e+01 1.025000000000000000e+02 6.462655225303672424e+00 1.129253104506073413e+00
-4.750000000000000000e+01 -3.750000000000000000e+01 1.025000000000000000e+02 1.125000000000000000e+02 5.586610777775477210e+00 1.111732215555509606e+00
-4.750000000000000000e+01 -3.750000000000000000e+01 1.125000000000000000e+02 1.225000000000000000e+02 4.674650544978209865e+00 1.093493010899564188e+00
-3.750000000000000000e+01 -2.750000000000000000e+01 -1.750000000000000000e+01 -7.500000000000000000e+00 4.488344653346552915e-02 1.000897668930669226e+00
-3.750000000000000000e+01 -2.750000000000000000e+01 -7.500000000000000000e+00 2.500000000000000000e+00 1.300975078037758692e+00 1.026019501560755165e+00
-3.750000000000000000e+01 -2.750000000000000000e+01 2.500000000000000000e+00 1.250000000000000000e+01 4.492463599485718717e+00 1.089849271989714374e+00
-3.750000000000000000e+01 -2.750000000000000000e+01 1.250000000000000000e+01 2.250000000000000000e+01 9.491282608782885433e+00 1.189825652175657833e+00
-3.750000000000000000e+01 -2.750000000000000000e+01 2.250000000000000000e+01 3.250000000000000000e+01 1.504011696471277659e+01 1.300802339294255594e+00
-3.750000000000000000e+01 -2.750000000000000000e+01 3.250000000000000000e+01 4.250000000000000000e+01 1.836987931916343086e+01 1.367397586383268582e+00
-3.750000000000000000e+01 -2.750000000000000000e+01 4.250000000000000000e+01 5.250000000000000000e+01 1.881681866033902395e+01 1.376336373206780372e+00
-3.750000000000000000e+01 -2.750000000000000000e+01 5.250000000000000000e+01 6.250000000000000000e+01 1.771754185920917735e+01 1.354350837184183476e+00
-3.750000000000000000e+01 -2.750000000000000000e+01 6.250000000000000000e+01 7.250000000000000000e+01 1.611194399603470018e+01 1.322238879920694110e+00
-3.750000000000000000e+01 -2.750000000000000000e+01 7.250000000000000000e+01 8.250000000000000000e+01 1.446957460840824972e+01 1.289391492168165065e+00
-3.750000000000000000e+01 -2.750000000000000000e+01 8.250000000000000000e+01 9.250000000000000000e+01 1.296372055085479502e+01 1.259274411017095918e+00
-3.750000000000000000e+01 -2.750000000000000000e+01 9.250000000000000000e+01 1.025000000000000000e+02 1.166571515366268130e+01 1.233314303073253626e+00
-3.750000000000000000e+01 -2.750000000000000000e+01 1.025000000000000000e+02 1.125000000000000000e+02 1.071512013180918643e+01 1.214302402636183720e+00
-3.750000000000000000e+01 -2.750000000000000000e+01 1.125000000000000000e+02 1.225000000000000000e+02 9.701378039608441028e+00 1.194027560792168874e+00
-3.750000000000000000e+01 -2.750000000000000000e+01 1.225000000000000000e+02 1.325000000000000000e+02 8.737723394294606649e+00 1.174754467885892106e+00
-2.750000000000000000e+01 -1.750000000000000000e+01 -7.500000000000000000e+00 2.500000000000000000e+00 -2.003130537640326336e-01 1.004006261075280682e+00
-2.750000000000000000e+01 -1.750000000000000000e+01 2.500000000000000000e+00 1.250000000000000000e+01 7.146099305594176831e-01 1.014292198611188356e+00
-2.750000000000000000e+01 -1.750000000000000000e+01 1.250000000000000000e+01 2.250000000000000000e+01 3.767965538339053122e+00 1.075359310766781151e+00
-2.750000000000000000e+01 -1.750000000000000000e+01 2.250000000000000000e+01 3.250000000000000000e+01 9.504644250325229748e+00 1.190092885006504675e+00
-2.750000000000000000e+01 -1.750000000000000000e+01 3.250000000000000000e+01 4.250000000000000000e+01 1.594589000151028912e+01 1.318917800030205756e+00
-2.750000000000000000e+01 -1.750000000000000000e+01 4.250000000000000000e+01 5.250000000000000000e+01 2.029830809944190406e+01 1.405966161988838170e+00
-2.750000000000000000e+01 -1.750000000000000000e+01 5.250000000000000000e+01 6.250000000000000000e+01 2.224994147129594779e+01 1.444998829425919062e+00
-2.750000000000000000e+01 -1.750000000000000000e+01 6.250000000000000000e+01 7.250000000000000000e+01 2.265470920160161583e+01 1.453094184032032388e+00
-2.750000000000000000e+01 -1.750000000000000000e+01 7.250000000000000000e+01 8.250000000000000000e+01 2.226842721054283558e+01 1.445368544210856587e+00
-2.750000000000000000e+01 -1.750000000000000000e+01 8.250000000000000000e+01 9.250000000000000000e+01 2.153636469919236873e+01 1.430727293983847348e+00
-2.750000000000000000e+01 -1.750000000000000000e+01 9.250000000000000000e+01 1.025000000000000000e+02 2.070508513289135877e+01 1.414101702657827087e+00
-2.750000000000000000e+01 -1.750000000000000000e+01 1.025000000000000000e+02 1.125000000000000000e+02 1.999961841511522920e+01 1.399992368302304557e+00
-2.750000000000000000e+01 -1.750000000000000000e+01 1.125000000000000000e+02 1.225000000000000000e+02 1.917243407251410403e+01 1.383448681450281992e+00
-2.750000000000000000e+01 -1.750000000000000000e+01 1.225000000000000000e+02 1.325000000000000000e+02 1.833362422296196570e+01 1.366672484459239278e+00
-2.750000000000000000e+01 -1.750000000000000000e+01 1.325000000000000000e+02 1.425000000000000000e+02 1.778335500698289096e+01 1.355667100139657855e+00
-1.750000000000000000e+01 -7.500000000000000000e+00 2.500000000000000000e+00 1.250000000000000000e+01 -4.279315714359983591e-01 1.008558631428720043e+00
-1.750000000000000000e+01 -7.500000000000000000e+00 1.250000000000000000e+01 2.250000000000000000e+01 5.020873142556043778e-01 1.010041746285112119e+00
-1.750000000000000000e+01 -7.500000000000000000e+00 2.250000000000000000e+01 3.250000000000000000e+01 4.404764066129985167e+00 1.088095281322599694e+00
-1.750000000000000000e+01 -7.500000000000000000e+00 3.250000000000000000e+01 4.250000000000000000e+01 1.063690919557626913e+01 1.212738183911525436e+00
-1.750000000000000000e+01 -7.500000000000000000e+00 4.250000000000000000e+01 5.250000000000000000e+01 1.667728231368507963e+01 1.333545646273701646e+00
-1.750000000000000000e+01 -7.500000000000000000e+00 5.250000000000000000e+01 6.250000000000000000e+01 2.117640802737300376e+01 1.423528160547460120e+00
-1.750000000000000000e+01 -7.500000000000000000e+00 6.250000000000000000e+01 7.250000000000000000e+01 2.410514681570820983e+01 1.482102936314164232e+00
-1.750000000000000000e+01 -7.500000000000000000e+00 7.250000000000000000e+01 8.250000000000000000e+01 2.587961209706006471e+01 1.517592241941201348e+00
-1.750000000000000000e+01 -7.500000000000000000e+00 8.250000000000000000e+01 9.250000000000000000e+01 2.689882264427252778e+01 1.537976452885450485e+00
-1.750000000000000000e+01 -7.500000000000000000e+00 9.250000000000000000e+01 1.025000000000000000e+02 2.744128712710457307e+01 1.548825742542091488e+00
-1.750000000000000000e+01 -7.500000000000000000e+00 1.025000000000000000e+02 1.125000000000000000e+02 2.767049108686043013e+01 1.553409821737208762e+00
-1.750000000000000000e+01 -7.500000000000000000e+00 1.125000000000000000e+02 1.225000000000000000e+02 2.774383467385786517e+01 1.554876693477157179e+00
-1.750000000000000000e+01 -7.500000000000000000e+00 1.225000000000000000e+02 1.325000000000000000e+02 2.770483503620674881e+01 1.554096700724135083e+00
-1.750000000000000000e+01 -7.500000000000000000e+00 1.325000000000000000e+02 1.425000000000000000e+02 2.762419038687555428e+01 1.552483807737511157e+00
-1.750000000000000000e+01 -7.500000000000000000e+00 1.425000000000000000e+02 1.525000000000000000e+02 2.750117549703197284e+01 1.550023509940639421e+00
-7.500000000000000000e+00 2.500000000000000000e+00 1.250000000000000000e+01 2.250000000000000000e+01 -3.354295881840073101e-01 1.006708591763680216e+00
-7.500000000000000000e+00 2.500000000000000000e+00 2.250000000000000000e+01 3.250000000000000000e+01 1.238002960783665785e+00 1.024760059215673369e+00
-7.500000000000000000e+00 2.500000000000000000e+00 3.250000000000000000e+01 4.250000000000000000e+01 5.200614993554418142e+00 1.104012299871088398e+00
-7.500000000000000000e+00 2.500000000000000000e+00 4.250000000000000000e+01 5.250000000000000000e+01 9.935112627192074441e+00 1.198702252543841551e+00
-7.500000000000000000e+00 2.500000000000000000e+00 5.250000000000000000e+01 6.250000000000000000e+01 1.419636162175869387e+01 1.283927232435173815e+00
-7.500000000000000000e+00 2.500000000000000000e+00 6.250000000000000000e+01 7.250000000000000000e+01 1.760175149833405328e+01 1.352035029966681012e+00
-7.500000000000000000e+00 2.500000000000000000e+00 7.250000000000000000e+01 8.250000000000000000e+01 2.021196315278432110e+01 1.404239263055686360e+00
-7.500000000000000000e+00 2.500000000000000000e+00 8.250000000000000000e+01 9.250000000000000000e+01 2.220128957669751202e+01 1.444025791533950276e+00
-7.500000000000000000e+00 2.500000000000000000e+00 9.250000000000000000e+01 1.025000000000000000e+02 2.371471763499438623e+01 1.474294352699887733e+00
-7.500000000000000000e+00 2.500000000000000000e+00 1.025000000000000000e+02 1.125000000000000000e+02 2.473267658484627418e+01 1.494653531696925608e+00
-7.500000000000000000e+00 2.500000000000000000e+00 1.125000000000000000e+02 1.225000000000000000e+02 2.566643769708284495e+01 1.513328753941656890e+00
-7.500000000000000000e+00 2.500000000000000000e+00 1.225000000000000000e+02 1.325000000000000000e+02 2.648766835906842942e+01 1.529753367181368562e+00
-7.500000000000000000e+00 2.500000000000000000e+00 1.325000000000000000e+02 1.425000000000000000e+02 2.697843541682200552e+01 1.539568708336440217e+00
-7.500000000000000000e+00 2.500000000000000000e+00 1.425000000000000000e+02 1.525000000000000000e+02 2.737926674487777490e+01 1.547585334897555676e+00
-7.500000000000000000e+00 2.500000000000000000e+00 1.525000000000000000e+02 1.625000000000000000e+02 2.773913038230476147e+01 1.554782607646095105e+00
2.500000000000000000e+00 1.250000000000000000e+01 2.250000000000000000e+01 3.250000000000000000e+01 1.176894197735837977e-02 1.000235378839547273e+00
2.500000000000000000e+00 1.250000000000000000e+01 3.250000000000000000e+01 4.250000000000000000e+01 1.510537896359467558e+00 1.030210757927189302e+00
2.500000000000000000e+00 1.250000000000000000e+01 4.250000000000000000e+01 5.250000000000000000e+01 3.981702464850986889e+00 1.079634049297019782e+00
2.500000000000000000e+00 1.250000000000000000e+01 5.250000000000000000e+01 6.250000000000000000e+01 6.558990680488101077e+00 1.131179813609761942e+00
2.500000000000000000e+00 1.250000000000000000e+01 6.250000000000000000e+01 7.250000000000000000e+01 8.855269081069502946e+00 1.177105381621390112e+00
2.500000000000000000e+00 1.250000000000000000e+01 7.250000000000000000e+01 8.250000000000000000e+01 1.079846402581121545e+01 1.215969280516224327e+00
2.500000000000000000e+00 1.250000000000000000e+01 8.250000000000000000e+01 9.250000000000000000e+01 1.242838647524224349e+01 1.248567729504844959e+00
2.500000000000000000e+00 1.250000000000000000e+01 9.250000000000000000e+01 1.025000000000000000e+02 1.378982675649206513e+01 1.275796535129841258e+00
2.500000000000000000e+00 1.250000000000000000e+01 1.025000000000000000e+02 1.125000000000000000e+02 1.478688391607745167e+01 1.295737678321549069e+00
2.500000000000000000e+00 1.250000000000000000e+01 1.125000000000000000e+02 1.225000000000000000e+02 1.577801380907624385e+01 1.315560276181524824e+00
2.500000000000000000e+00 1.250000000000000000e+01 1.225000000000000000e+02 1.325000000000000000e+02 1.672235215764024119e+01 1.334447043152804824e+00
2.500000000000000000e+00 1.250000000000000000e+01 1.325000000000000000e+02 1.425000000000000000e+02 1.733272237552032990e+01 1.346654447510406527e+00
2.500000000000000000e+00 1.250000000000000000e+01 1.425000000000000000e+02 1.525000000000000000e+02 1.787148902145987606e+01 1.357429780429197486e+00
2.500000000000000000e+00 1.250000000000000000e+01 1.525000000000000000e+02 1.625000000000000000e+02 1.838815520054441421e+01 1.367763104010888409e+00
2.500000000000000000e+00 1.250000000000000000e+01 1.625000000000000000e+02 1.725000000000000000e+02 1.886283974111231743e+01 1.377256794822246277e+00
1.250000000000000000e+01 2.250000000000000000e+01 3.250000000000000000e+01 4.250000000000000000e+01 2.292667772654756811e-02 1.000458533554530849e+00
1.250000000000000000e+01 2.250000000000000000e+01 4.250000000000000000e+01 5.250000000000000000e+01 5.086026203997782158e-01 1.010172052407995569e+00
1.250000000000000000e+01 2.250000000000000000e+01 5.250000000000000000e+01 6.250000000000000000e+01 1.255614123094540124e+00 1.025112282461890789e+00
1.250000000000000000e+01 2.250000000000000000e+01 6.250000000000000000e+01 7.250000000000000000e+01 2.049985200200173274e+00 1.040999704004003545e+00
1.250000000000000000e+01 2.250000000000000000e+01 7.250000000000000000e+01 8.250000000000000000e+01 2.805349752717808176e+00 1.056106995054356235e+00
1.250000000000000000e+01 2.250000000000000000e+01 8.250000000000000000e+01 9.250000000000000000e+01 3.501261687971134240e+00 1.070025233759422711e+00
1.250000000000000000e+01 2.250000000000000000e+01 9.250000000000000000e+01 1.025000000000000000e+02 4.131345186576779405e+00 1.082626903731535695e+00
1.250000000000000000e+01 2.250000000000000000e+01 1.025000000000000000e+02 1.125000000000000000e+02 4.624209833644528089e+00 1.092484196672890651e+00
1.250000000000000000e+01 2.250000000000000000e+01 1.125000000000000000e+02 1.225000000000000000e+02 5.147431676881182305e+00 1.102948633537623735e+00
1.250000000000000000e+01 2.250000000000000000e+01 1.225000000000000000e+02 1.325000000000000000e+02 5.678232008249516127e+00 1.113564640164990349e+00
1.250000000000000000e+01 2.250000000000000000e+01 1.325000000000000000e+02 1.425000000000000000e+02 6.036519737509688177e+00 1.120730394750193870e+00
1.250000000000000000e+01 2.250000000000000000e+01 1.425000000000000000e+02 1.525000000000000000e+02 6.364113079905711068e+00 1.127282261598114177e+00
1.250000000000000000e+01 2.250000000000000000e+01 1.525000000000000000e+02 1.625000000000000000e+02 6.689950801746237907e+00 1.133799016034924723e+00
1.250000000000000000e+01 2.250000000000000000e+01 1.625000000000000000e+02 1.725000000000000000e+02 6.999756672551517234e+00 1.139995133451030318e+00
1.250000000000000000e+01 2.250000000000000000e+01 1.725000000000000000e+02 1.825000000000000000e+02 7.288328434755920959e+00 1.145766568695118393e+00
2.250000000000000000e+01 3.250000000000000000e+01 4.250000000000000000e+01 5.250000000000000000e+01 -2.431280630412403776e-01 1.004862561260824849e+00
2.250000000000000000e+01 3.250000000000000000e+01 5.250000000000000000e+01 6.250000000000000000e+01 -5.376797343530372864e-01 1.010753594687060719e+00
2.250000000000000000e+01 3.250000000000000000e+01 6.250000000000000000e+01 7.250000000000000000e+01 -7.891319552922728686e-01 1.015782639105845542e+00
2.250000000000000000e+01 3.250000000000000000e+01 7.250000000000000000e+01 8.250000000000000000e+01 -9.591602924710455058e-01 1.019183205849421014e+00
2.250000000000000000e+01 3.250000000000000000e+01 8.250000000000000000e+01 9.250000000000000000e+01 -1.054664723759570322e+00 1.021093294475191371e+00
2.250000000000000000e+01 3.250000000000000000e+01 9.250000000000000000e+01 1.025000000000000000e+02 -1.092414297191235617e+00 1.021848285943824708e+00
2.250000000000000000e+01 3.250000000000000000e+01 1.025000000000000000e+02 1.125000000000000000e+02 -1.092728543292693866e+00 1.021854570865853962e+00
2.250000000000000000e+01 3.250000000000000000e+01 1.125000000000000000e+02 1.225000000000000000e+02 -1.049439468795314356e+00 1.020988789375906203e+00
2.250000000000000000e+01 3.250000000000000000e+01 1.225000000000000000e+02 1.325000000000000000e+02 -9.680779982069221967e-01 1.019361559964138353e+00
2.250000000000000000e+01 3.250000000000000000e+01 1.325000000000000000e+02 1.425000000000000000e+02 -9.030278405480425263e-01 1.018060556810960859e+00
2.250000000000000000e+01 3.250000000000000000e+01 1.425000000000000000e+02 1.525000000000000000e+02 -8.360208972390568150e-01 1.016720417944781074e+00
2.250000000000000000e+01 3.250000000000000000e+01 1.525000000000000000e+02 1.625000000000000000e+02 -7.588223532167230889e-01 1.015176447064334520e+00
2.250000000000000000e+01 3.250000000000000000e+01 1.625000000000000000e+02 1.725000000000000000e+02 -6.762200021247499748e-01 1.013524400042494999e+00
2.250000000000000000e+01 3.250000000000000000e+01 1.725000000000000000e+02 1.825000000000000000e+02 -5.918757375320330416e-01 1.011837514750640654e+00
2.250000000000000000e+01 3.250000000000000000e+01 1.825000000000000000e+02 1.925000000000000000e+02 -5.079691830901618133e-01 1.010159383661803245e+00
3.250000000000000000e+01 4.250000000000000000e+01 5.250000000000000000e+01 6.250000000000000000e+01 -2.433009505145913298e-01 1.004866019010291822e+00
3.250000000000000000e+01 4.250000000000000000e+01 6.250000000000000000e+01 7.250000000000000000e+01 -6.194109319401993607e-01 1.012388218638804016e+00
3.250000000000000000e+01 4.250000000000000000e+01 7.250000000000000000e+01 8.250000000000000000e+01 -1.033457535293935026e+00 1.020669150705878714e+00
3.250000000000000000e+01 4.250000000000000000e+01 8.250000000000000000e+01 9.250000000000000000e+01 -1.413140015445721209e+00 1.028262800308914482e+00
3.250000000000000000e+01 4.250000000000000000e+01 9.250000000000000000e+01 1.025000000000000000e+02 -1.736876408417582285e+00 1.034737528168351739e+00
3.250000000000000000e+01 4.250000000000000000e+01 1.025000000000000000e+02 1.125000000000000000e+02 -1.973319549552298158e+00 1.039466390991045985e+00
3.250000000000000000e+01 4.250000000000000000e+01 1.125000000000000000e+02 1.225000000000000000e+02 -2.175871112538283025e+00 1.043517422250765714e+00
3.250000000000000000e+01 4.250000000000000000e+01 1.225000000000000000e+02 1.325000000000000000e+02 -2.339297143653491062e+00 1.046785942873069919e+00
3.250000000000000000e+01 4.250000000000000000e+01 1.325000000000000000e+02 1.425000000000000000e+02 -2.440990300046058881e+00 1.048819806000921284e+00
3.250000000000000000e+01 4.250000000000000000e+01 1.425000000000000000e+02 1.525000000000000000e+02 -2.525860817810913428e+00 1.050517216356218198e+00
3.250000000000000000e+01 4.250000000000000000e+01 1.525000000000000000e+02 1.625000000000000000e+02 -2.597499488070209583e+00 1.051949989761404192e+00
3.250000000000000000e+01 4.250000000000000000e+01 1.625000000000000000e+02 1.725000000000000000e+02 -2.654313957344199615e+00 1.053086279146884019e+00
3.250000000000000000e+01 4.250000000000000000e+01 1.725000000000000000e+02 1.825000000000000000e+02 -2.698040398646069260e+00 1.053960807972921465e+00
3.250000000000000000e+01 4.250000000000000000e+01 1.825000000000000000e+02 1.925000000000000000e+02 -2.731016794401968095e+00 1.054620335888039273e+00
3.250000000000000000e+01 4.250000000000000000e+01 1.925000000000000000e+02 2.025000000000000000e+02 -2.755366660941156898e+00 1.055107333218823218e+00
4.250000000000000000e+01 5.250000000000000000e+01 6.250000000000000000e+01 7.250000000000000000e+01 -1.512946197840084606e-01 1.003025892395680074e+00
4.250000000000000000e+01 5.250000000000000000e+01 7.250000000000000000e+01 8.250000000000000000e+01 -4.055787621697221068e-01 1.008111575243394453e+00
4.250000000000000000e+01 5.250000000000000000e+01 8.250000000000000000e+01 9.250000000000000000e+01 -7.154889585451893463e-01 1.014309779170903703e+00
4.250000000000000000e+01 5.250000000000000000e+01 9.250000000000000000e+01 1.025000000000000000e+02 -1.030802729030569242e+00 1.020616054580611332e+00
4.250000000000000000e+01 5.250000000000000000e+01 1.025000000000000000e+02 1.125000000000000000e+02 -1.292620395985841331e+00 1.025852407919716880e+00
4.250000000000000000e+01 5.250000000000000000e+01 1.125000000000000000e+02 1.225000000000000000e+02 -1.545771373851868358e+00 1.030915427477037349e+00
4.250000000000000000e+01 5.250000000000000000e+01 1.225000000000000000e+02 1.325000000000000000e+02 -1.780812569279386803e+00 1.035616251385587772e+00
4.250000000000000000e+01 5.250000000000000000e+01 1.325000000000000000e+02 1.425000000000000000e+02 -1.939492043694044154e+00 1.038789840873880932e+00
4.250000000000000000e+01 5.250000000000000000e+01 1.425000000000000000e+02 1.525000000000000000e+02 -2.080104837308545562e+00 1.041602096746170991e+00
4.250000000000000000e+01 5.250000000000000000e+01 1.525000000000000000e+02 1.625000000000000000e+02 -2.211162201471713828e+00 1.044223244029434339e+00
4.250000000000000000e+01 5.250000000000000000e+01 1.625000000000000000e+02 1.725000000000000000e+02 -2.327767766304707386e+00 1.046555355326094228e+00
4.250000000000000000e+01 5.250000000000000000e+01 1.725000000000000000e+02 1.825000000000000000e+02 -2.429628294080033779e+00 1.048592565881600658e+00
4.250000000000000000e+01 5.250000000000000000e+01 1.825000000000000000e+02 1.925000000000000000e+02 -2.518108390125291862e+00 1.050362167802505908e+00
4.250000000000000000e+01 5.250000000000000000e+01 1.925000000000000000e+02 2.025000000000000000e+02 -2.594940092369346196e+00 1.051898801847386933e+00
4.250000000000000000e+01 5.250000000000000000e+01 2.025000000000000000e+02 2.125000000000000000e+02 -2.661782792292142208e+00 1.053235655845842889e+00
5.250000000000000000e+01 6.250000000000000000e+01 7.250000000000000000e+01 8.250000000000000000e+01 -8.390065581521738425e-02 1.001678013116304333e+00
5.250000000000000000e+01 6.250000000000000000e+01 8.250000000000000000e+01 9.250000000000000000e+01 -2.347032800481893278e-01 1.004694065600963748e+00
5.250000000000000000e+01 6.250000000000000000e+01 9.250000000000000000e+01 1.025000000000000000e+02 -4.329038953380615062e-01 1.008658077906761319e+00
5.250000000000000000e+01 6.250000000000000000e+01 1.025000000000000000e+02 1.125000000000000000e+02 -6.239743215674914412e-01 1.012479486431349773e+00
5.250000000000000000e+01 6.250000000000000000e+01 1.125000000000000000e+02 1.225000000000000000e+02 -8.273025485868814588e-01 1.016546050971737669e+00
5.250000000000000000e+01 6.250000000000000000e+01 1.225000000000000000e+02 1.325000000000000000e+02 -1.035573739239804114e+00 1.020711474784796069e+00
5.250000000000000000e+01 6.250000000000000000e+01 1.325000000000000000e+02 1.425000000000000000e+02 -1.185352626077107896e+00 1.023707052521542149e+00
5.250000000000000000e+01 6.250000000000000000e+01 1.425000000000000000e+02 1.525000000000000000e+02 -1.322488686748376274e+00 1.026449773734967597e+00
5.250000000000000000e+01 6.250000000000000000e+01 1.525000000000000000e+02 1.625000000000000000e+02 -1.456145848301632961e+00 1.029122916966032752e+00
5.250000000000000000e+01 6.250000000000000000e+01 1.625000000000000000e+02 1.725000000000000000e+02 -1.580598737831587997e+00 1.031611974756631689e+00
5.250000000000000000e+01 6.250000000000000000e+01 1.725000000000000000e+02 1.825000000000000000e+02 -1.694046490212264944e+00 1.033880929804245286e+00
5.250000000000000000e+01 6.250000000000000000e+01 1.825000000000000000e+02 1.925000000000000000e+02 -1.796561526193133806e+00 1.035931230523862601e+00
5.250000000000000000e+01 6.250000000000000000e+01 1.925000000000000000e+02 2.025000000000000000e+02 -1.888922234444029957e+00 1.037778444688880697e+00
5.250000000000000000e+01 6.250000000000000000e+01 2.025000000000000000e+02 2.125000000000000000e+02 -1.972114689217563388e+00 1.039442293784351268e+00
5.250000000000000000e+01 6.250000000000000000e+01 2.125000000000000000e+02 2.225000000000000000e+02 -2.047132948459058355e+00 1.040942658969181256e+00
6.250000000000000000e+01 7.250000000000000000e+01 8.250000000000000000e+01 9.250000000000000000e+01 -4.637556512177110069e-02 1.000927511302435402e+00
6.250000000000000000e+01 7.250000000000000000e+01 9.250000000000000000e+01 1.025000000000000000e+02 -1.351351034997354539e-01 1.002702702069994789e+00
6.250000000000000000e+01 7.250000000000000000e+01 1.025000000000000000e+02 1.125000000000000000e+02 -2.442584221014428014e-01 1.004885168442028798e+00
6.250000000000000000e+01 7.250000000000000000e+01 1.125000000000000000e+02 1.225000000000000000e+02 -3.744854808700887605e-01 1.007489709617401807e+00
6.250000000000000000e+01 7.250000000000000000e+01 1.225000000000000000e+02 1.325000000000000000e+02 -5.230490743825384481e-01 1.010460981487650844e+00
6.250000000000000000e+01 7.250000000000000000e+01 1.325000000000000000e+02 1.425000000000000000e+02 -6.379315988263007942e-01 1.012758631976526047e+00
6.250000000000000000e+01 7.250000000000000000e+01 1.425000000000000000e+02 1.525000000000000000e+02 -7.463878535276895487e-01 1.014927757070553715e+00
6.250000000000000000e+01 7.250000000000000000e+01 1.525000000000000000e+02 1.625000000000000000e+02 -8.562723820387052598e-01 1.017125447640774061e+00
6.250000000000000000e+01 7.250000000000000000e+01 1.625000000000000000e+02 1.725000000000000000e+02 -9.626192474973607194e-01 1.019252384949947299e+00
6.250000000000000000e+01 7.250000000000000000e+01 1.725000000000000000e+02 1.825000000000000000e+02 -1.063006690480839733e+00 1.021260133809616777e+00
6.250000000000000000e+01 7.250000000000000000e+01 1.825000000000000000e+02 1.925000000000000000e+02 -1.156571110539370117e+00 1.023131422210787456e+00
6.250000000000000000e+01 7.250000000000000000e+01 1.925000000000000000e+02 2.025000000000000000e+02 -1.243216587500834525e+00 1.024864331750016788e+00
6.250000000000000000e+01 7.250000000000000000e+01 2.025000000000000000e+02 2.125000000000000000e+02 -1.323205268058359474e+00 1.026464105361167167e+00
6.250000000000000000e+01 7.250000000000000000e+01 2.125000000000000000e+02 2.225000000000000000e+02 -1.396956103488701473e+00 1.027939122069774003e+00
7.250000000000000000e+01 8.250000000000000000e+01 9.250000000000000000e+01 1.025000000000000000e+02 -2.681836371052970236e-02 1.000536367274210692e+00
7.250000000000000000e+01 8.250000000000000000e+01 1.025000000000000000e+02 1.125000000000000000e+02 -7.492898697452768375e-02 1.001498579739490635e+00
7.250000000000000000e+01 8.250000000000000000e+01 1.125000000000000000e+02 1.225000000000000000e+02 -1.448045311042835404e-01 1.002896090622085623e+00
7.250000000000000000e+01 8.250000000000000000e+01 1.225000000000000000e+02 1.325000000000000000e+02 -2.365903495965289705e-01 1.004731806991930654e+00
7.250000000000000000e+01 8.250000000000000000e+01 1.325000000000000000e+02 1.425000000000000000e+02 -3.145553611796657600e-01 1.006291107223593384e+00
7.250000000000000000e+01 8.250000000000000000e+01 1.425000000000000000e+02 1.525000000000000000e+02 -3.906050979172181470e-01 1.007812101958344364e+00
7.250000000000000000e+01 8.250000000000000000e+01 1.525000000000000000e+02 1.625000000000000000e+02 -4.707083973391816833e-01 1.009414167946783625e+00
7.250000000000000000e+01 8.250000000000000000e+01 1.625000000000000000e+02 1.725000000000000000e+02 -5.512840392072818618e-01 1.011025680784145564e+00
7.250000000000000000e+01 8.250000000000000000e+01 1.725000000000000000e+02 1.825000000000000000e+02 -6.300139091240974931e-01 1.012600278182481883e+00
7.250000000000000000e+01 8.250000000000000000e+01 1.825000000000000000e+02 1.925000000000000000e+02 -7.056312301147166233e-01 1.014112624602294233e+00
7.250000000000000000e+01 8.250000000000000000e+01 1.925000000000000000e+02 2.025000000000000000e+02 -7.775118598801736836e-01 1.015550237197603511e+00
7.250000000000000000e+01 8.250000000000000000e+01 2.025000000000000000e+02 2.125000000000000000e+02 -8.454074452798348016e-01 1.016908148905596665e+00
7.250000000000000000e+01 8.250000000000000000e+01 2.125000000000000000e+02 2.225000000000000000e+02 -9.092881840051604270e-01 1.018185763680103273e+00
8.250000000000000000e+01 9.250000000000000000e+01 1.025000000000000000e+02 1.125000000000000000e+02 -1.506313813029645614e-02 1.000301262762606003e+00
8.250000000000000000e+01 9.250000000000000000e+01 1.125000000000000000e+02 1.225000000000000000e+02 -4.494865325063896605e-02 1.000898973065012854e+00
8.250000000000000000e+01 9.250000000000000000e+01 1.225000000000000000e+02 1.325000000000000000e+02 -9.466743856220137532e-02 1.001893348771244030e+00
8.250000000000000000e+01 9.250000000000000000e+01 1.325000000000000000e+02 1.425000000000000000e+02 -1.431493705941078443e-01 1.002862987411882179e+00
8.250000000000000000e+01 9.250000000000000000e+01 1.425000000000000000e+02 1.525000000000000000e+02 -1.923349743758915875e-01 1.003846699487517924e+00
8.250000000000000000e+01 9.250000000000000000e+01 1.525000000000000000e+02 1.625000000000000000e+02 -2.463184997020010647e-01 1.004926369994040058e+00
8.250000000000000000e+01 9.250000000000000000e+01 1.625000000000000000e+02 1.725000000000000000e+02 -3.028724436210727955e-01 1.006057448872421434e+00
8.250000000000000000e+01 9.250000000000000000e+01 1.725000000000000000e+02 1.825000000000000000e+02 -3.601567770463884877e-01 1.007203135540927663e+00
8.250000000000000000e+01 9.250000000000000000e+01 1.825000000000000000e+02 1.925000000000000000e+02 -4.169106753473990068e-01 1.008338213506948078e+00
8.250000000000000000e+01 9.250000000000000000e+01 1.925000000000000000e+02 2.025000000000000000e+02 -4.723186112776839307e-01 1.009446372225553779e+00
8.250000000000000000e+01 9.250000000000000000e+01 2.025000000000000000e+02 2.125000000000000000e+02 -5.258760936101180006e-01 1.010517521872202451e+00
8.250000000000000000e+01 9.250000000000000000e+01 2.125000000000000000e+02 2.225000000000000000e+02 -5.772907533533009339e-01 1.011545815067065979e+00
9.250000000000000000e+01 1.025000000000000000e+02 1.125000000000000000e+02 1.225000000000000000e+02 -9.304657911351139551e-03 1.000186093158226930e+00
9.250000000000000000e+01 1.025000000000000000e+02 1.225000000000000000e+02 1.325000000000000000e+02 -3.165311492629955398e-02 1.000633062298525999e+00
9.250000000000000000e+01 1.025000000000000000e+02 1.325000000000000000e+02 1.425000000000000000e+02 -5.977295656672015206e-02 1.001195459131334342e+00
9.250000000000000000e+01 1.025000000000000000e+02 1.425000000000000000e+02 1.525000000000000000e+02 -9.002541085042856106e-02 1.001800508217008501e+00
9.250000000000000000e+01 1.025000000000000000e+02 1.525000000000000000e+02 1.625000000000000000e+02 -1.247583316599770314e-01 1.002495166633199597e+00
9.250000000000000000e+01 1.025000000000000000e+02 1.625000000000000000e+02 1.725000000000000000e+02 -1.627492273484523189e-01 1.003254984546969153e+00
9.250000000000000000e+01 1.025000000000000000e+02 1.725000000000000000e+02 1.825000000000000000e+02 -2.027050036114925458e-01 1.004054100072229838e+00
9.250000000000000000e+01 1.025000000000000000e+02 1.825000000000000000e+02 1.925000000000000000e+02 -2.435781091116320518e-01 1.004871562182232614e+00
9.250000000000000000e+01 1.025000000000000000e+02 1.925000000000000000e+02 2.025000000000000000e+02 -2.845825432130876798e-01 1.005691650864261710e+00
9.250000000000000000e+01 1.025000000000000000e+02 2.025000000000000000e+02 2.125000000000000000e+02 -3.251514036589703283e-01 1.006503028073179484e+00
9.250000000000000000e+01 1.025000000000000000e+02 2.125000000000000000e+02 2.225000000000000000e+02 -3.648884002860611209e-01 1.007297768005721128e+00
1.025000000000000000e+02 1.125000000000000000e+02 1.225000000000000000e+02 1.325000000000000000e+02 -7.913866563353709471e-03 1.000158277331267165e+00
1.025000000000000000e+02 1.125000000000000000e+02 1.325000000000000000e+02 1.425000000000000000e+02 -2.329609393302091089e-02 1.000465921878660458e+00
1.025000000000000000e+02 1.125000000000000000e+02 1.425000000000000000e+02 1.525000000000000000e+02 -4.234882458537823913e-02 1.000846976491707618e+00
1.025000000000000000e+02 1.125000000000000000e+02 1.525000000000000000e+02 1.625000000000000000e+02 -6.539139801457587164e-02 1.001307827960291608e+00
1.025000000000000000e+02 1.125000000000000000e+02 1.625000000000000000e+02 1.725000000000000000e+02 -9.170086909469170322e-02 1.001834017381893815e+00
1.025000000000000000e+02 1.125000000000000000e+02 1.725000000000000000e+02 1.825000000000000000e+02 -1.203734244947719384e-01 1.002407468489895370e+00
1.025000000000000000e+02 1.125000000000000000e+02 1.825000000000000000e+02 1.925000000000000000e+02 -1.505796238687399924e-01 1.003011592477374814e+00
1.025000000000000000e+02 1.125000000000000000e+02 1.925000000000000000e+02 2.025000000000000000e+02 -1.816346182296731948e-01 1.003632692364593515e+00
1.025000000000000000e+02 1.125000000000000000e+02 2.025000000000000000e+02 2.125000000000000000e+02 -2.130009791518066853e-01 1.004260019583036234e+00
1.025000000000000000e+02 1.125000000000000000e+02 2.125000000000000000e+02 2.225000000000000000e+02 -2.442703625806983136e-01 1.004885407251614016e+00
1.125000000000000000e+02 1.225000000000000000e+02 1.325000000000000000e+02 1.425000000000000000e+02 -4.041901250682333052e-03 1.000080838025013685e+00
1.125000000000000000e+02 1.225000000000000000e+02 1.425000000000000000e+02 1.525000000000000000e+02 -1.218887809684712255e-02 1.000243777561937053e+00
1.125000000000000000e+02 1.225000000000000000e+02 1.525000000000000000e+02 1.625000000000000000e+02 -2.436464401348422196e-02 1.000487292880269719e+00
1.125000000000000000e+02 1.225000000000000000e+02 1.625000000000000000e+02 1.725000000000000000e+02 -3.982147351156040127e-02 1.000796429470231175e+00
1.125000000000000000e+02 1.225000000000000000e+02 1.725000000000000000e+02 1.825000000000000000e+02 -5.789463363704168419e-02 1.001157892672740912e+00
1.125000000000000000e+02 1.225000000000000000e+02 1.825000000000000000e+02 1.925000000000000000e+02 -7.793904216811846364e-02 1.001558780843362362e+00
1.125000000000000000e+02 1.225000000000000000e+02 1.925000000000000000e+02 2.025000000000000000e+02 -9.937808537030105860e-02 1.001987561707406105e+00
1.125000000000000000e+02 1.225000000000000000e+02 2.025000000000000000e+02 2.125000000000000000e+02 -1.217257944639608958e-01 1.002434515889279121e+00
1.125000000000000000e+02 1.225000000000000000e+02 2.125000000000000000e+02 2.225000000000000000e+02 -1.445872099769368591e-01 1.002891744199538637e+00
1.225000000000000000e+02 1.325000000000000000e+02 1.425000000000000000e+02 1.525000000000000000e+02 -2.165264187054923711e-03 1.000043305283741191e+00
1.225000000000000000e+02 1.325000000000000000e+02 1.525000000000000000e+02 1.625000000000000000e+02 -6.972811777469058517e-03 1.000139456235549451e+00
1.225000000000000000e+02 1.325000000000000000e+02 1.625000000000000000e+02 1.725000000000000000e+02 -1.464229991595228375e-02 1.000292845998319136e+00
1.225000000000000000e+02 1.325000000000000000e+02 1.725000000000000000e+02 1.825000000000000000e+02 -2.476537206487333317e-02 1.000495307441297443e+00
1.225000000000000000e+02 1.325000000000000000e+02 1.825000000000000000e+02 1.925000000000000000e+02 -3.692417939844187813e-02 1.000738483587968908e+00
1.225000000000000000e+02 1.325000000000000000e+02 1.925000000000000000e+02 2.025000000000000000e+02 -5.069514190642233908e-02 1.001013902838128411e+00
1.225000000000000000e+02 1.325000000000000000e+02 2.025000000000000000e+02 2.125000000000000000e+02 -6.568543637429762050e-02 1.001313708727485929e+00
1.225000000000000000e+02 1.325000000000000000e+02 2.125000000000000000e+02 2.225000000000000000e+02 -8.155197182181539439e-02 1.001631039436436277e+00
1.325000000000000000e+02 1.425000000000000000e+02 1.525000000000000000e+02 1.625000000000000000e+02 -1.821857280901170023e-03 1.000036437145618073e+00
1.325000000000000000e+02 1.425000000000000000e+02 1.625000000000000000e+02 1.725000000000000000e+02 -5.673680375468376398e-03 1.000113473607509462e+00
1.325000000000000000e+02 1.425000000000000000e+02 1.725000000000000000e+02 1.825000000000000000e+02 -1.169817773719447097e-02 1.000233963554743921e+00
1.325000000000000000e+02 1.425000000000000000e+02 1.825000000000000000e+02 1.925000000000000000e+02 -1.960009396381752478e-02 1.000392001879276460e+00
1.325000000000000000e+02 1.425000000000000000e+02 1.925000000000000000e+02 2.025000000000000000e+02 -2.908356830655224254e-02 1.000581671366131076e+00
1.325000000000000000e+02 1.425000000000000000e+02 2.025000000000000000e+02 2.125000000000000000e+02 -3.984567985214947788e-02 1.000796913597042925e+00
1.325000000000000000e+02 1.425000000000000000e+02 2.125000000000000000e+02 2.225000000000000000e+02 -5.160155961770257482e-02 1.001032031192353955e+00
1.425000000000000000e+02 1.525000000000000000e+02 1.625000000000000000e+02 1.725000000000000000e+02 -1.217927064635937603e-03 1.000024358541292679e+00
1.425000000000000000e+02 1.525000000000000000e+02 1.725000000000000000e+02 1.825000000000000000e+02 -3.919304750329865271e-03 1.000078386095006655e+00
1.425000000000000000e+02 1.525000000000000000e+02 1.825000000000000000e+02 1.925000000000000000e+02 -8.260758721545660016e-03 1.000165215174430910e+00
1.425000000000000000e+02 1.525000000000000000e+02 1.925000000000000000e+02 2.025000000000000000e+02 -1.405798188722754728e-02 1.000281159637744555e+00
1.425000000000000000e+02 1.525000000000000000e+02 2.025000000000000000e+02 2.125000000000000000e+02 -2.110957348368101838e-02 1.000422191469673594e+00
1.425000000000000000e+02 1.525000000000000000e+02 2.125000000000000000e+02 2.225000000000000000e+02 -2.920087615744585557e-02 1.000584017523148850e+00
1.525000000000000000e+02 1.625000000000000000e+02 1.725000000000000000e+02 1.825000000000000000e+02 -8.288659078345534358e-04 1.000016577318156630e+00
1.525000000000000000e+02 1.625000000000000000e+02 1.825000000000000000e+02 1.925000000000000000e+02 -2.713972763694623858e-03 1.000054279455273809e+00
1.525000000000000000e+02 1.625000000000000000e+02 1.925000000000000000e+02 2.025000000000000000e+02 -5.802693160716911394e-03 1.000116053863214338e+00
1.525000000000000000e+02 1.625000000000000000e+02 2.025000000000000000e+02 2.125000000000000000e+02 -9.993283962733606751e-03 1.000199865679254563e+00
1.525000000000000000e+02 1.625000000000000000e+02 2.125000000000000000e+02 2.225000000000000000e+02 -1.515917653552809399e-02 1.000303183530710571e+00
1.625000000000000000e+02 1.725000000000000000e+02 1.825000000000000000e+02 1.925000000000000000e+02 -5.824245277147638202e-04 1.000011648490554350e+00
1.625000000000000000e+02 1.725000000000000000e+02 1.925000000000000000e+02 2.025000000000000000e+02 -1.929220921661846605e-03 1.000038584418433185e+00
1.625000000000000000e+02 1.725000000000000000e+02 2.025000000000000000e+02 2.125000000000000000e+02 -4.166480171022052606e-03 1.000083329603420390e+00
1.625000000000000000e+02 1.725000000000000000e+02 2.125000000000000000e+02 2.225000000000000000e+02 -7.239124650523816665e-03 1.000144782493010531e+00
1.725000000000000000e+02 1.825000000000000000e+02 1.925000000000000000e+02 2.025000000000000000e+02 -4.198477891572663834e-04 1.000008396955783141e+00
1.725000000000000000e+02 1.825000000000000000e+02 2.025000000000000000e+02 2.125000000000000000e+02 -1.403251865864948208e-03 1.000028065037317226e+00
1.725000000000000000e+02 1.825000000000000000e+02 2.125000000000000000e+02 2.225000000000000000e+02 -3.054828171388914663e-03 1.000061096563427787e+00
1.825000000000000000e+02 1.925000000000000000e+02 2.025000000000000000e+02 2.125000000000000000e+02 -3.088451381920285415e-04 1.000006176902763944e+00
1.825000000000000000e+02 1.925000000000000000e+02 2.125000000000000000e+02 2.225000000000000000e+02 -1.040017081914024677e-03 1.000020800341638205e+00
1.925000000000000000e+02 2.025000000000000000e+02 2.125000000000000000e+02 2.225000000000000000e+02 -2.310177923967977279e-04 1.000004620355847917e+00
