! SIMPLE FORMAT
-2.275000000000000000e+02 -2.175000000000000000e+02 -2.075000000000000000e+02 -1.975000000000000000e+02 -5.146764143437919659e-01 1.031352828687583795e-02
-2.275000000000000000e+02 -2.175000000000000000e+02 -1.975000000000000000e+02 -1.875000000000000000e+02 -1.331334922240415275e-01 2.682669844480830689e-03
-2.275000000000000000e+02 -2.175000000000000000e+02 -1.875000000000000000e+02 -1.775000000000000000e+02 -5.341284365748279195e-02 1.088256873149655996e-03
-2.275000000000000000e+02 -2.175000000000000000e+02 -1.775000000000000000e+02 -1.675000000000000000e+02 -2.716197194255518671e-02 5.632394388511037780e-04
-2.275000000000000000e+02 -2.175000000000000000e+02 -1.675000000000000000e+02 -1.575000000000000000e+02 -1.652992342830803679e-02 3.505984685661607319e-04
-2.275000000000000000e+02 -2.175000000000000000e+02 -1.575000000000000000e+02 -1.475000000000000000e+02 -1.029767969285216508e-02 2.259535938570433032e-04
-2.275000000000000000e+02 -2.175000000000000000e+02 -1.475000000000000000e+02 -1.375000000000000000e+02 -2.462462075014517499e-03 6.924924150029034713e-05
-2.275000000000000000e+02 -2.175000000000000000e+02 -1.375000000000000000e+02 -1.275000000000000000e+02 -2.475305505587343385e-03 6.950611011174686379e-05
-2.275000000000000000e+02 -2.175000000000000000e+02 -1.275000000000000000e+02 -1.175000000000000000e+02 -3.990956129095567934e-03 9.981912258191136505e-05
-2.275000000000000000e+02 -2.175000000000000000e+02 -1.175000000000000000e+02 -1.075000000000000000e+02 -2.839148960283576287e-03 7.678297920567152832e-05
-2.275000000000000000e+02 -2.175000000000000000e+02 -1.075000000000000000e+02 -9.750000000000000000e+01 -2.057539529858997546e-03 6.115079059717994916e-05
-2.275000000000000000e+02 -2.175000000000000000e+02 -9.750000000000000000e+01 -8.750000000000000000e+01 -1.495398290728986238e-03 4.990796581457972842e-05
-2.275000000000000000e+02 -2.175000000000000000e+02 -8.750000000000000000e+01 -7.750000000000000000e+01 -9.989514800582844495e-04 3.997902960116569374e-05
-2.275000000000000000e+02 -2.175000000000000000e+02 -7.750000000000000000e+01 -6.750000000000000000e+01 -8.987448986303055165e-04 3.797489797260611671e-05
-2.275000000000000000e+02 -2.175000000000000000e+02 -6.750000000000000000e+01 -5.750000000000000000e+01 -1.740003352838342260e-03 5.480006705676685429e-05
-2.175000000000000000e+02 -2.075000000000000000e+02 -1.975000000000000000e+02 -1.875000000000000000e+02 -5.148380563070902305e-01 1.031676112614180428e-02
-2.175000000000000000e+02 -2.075000000000000000e+02 -1.875000000000000000e+02 -1.775000000000000000e+02 -1.334361234487315140e-01 2.688722468974630558e-03
-2.175000000000000000e+02 -2.075000000000000000e+02 -1.775000000000000000e+02 -1.675000000000000000e+02 -5.404689782770226436e-02 1.100937956554045357e-03
-2.175000000000000000e+02 -2.075000000000000000e+02 -1.675000000000000000e+02 -1.575000000000000000e+02 -2.864504871425081062e-02 5.929009742850163169e-04
-2.175000000000000000e+02 -2.075000000000000000e+02 -1.575000000000000000e+02 -1.475000000000000000e+02 -1.650389773319530656e-02 3.500779546639061577e-04
-2.175000000000000000e+02 -2.075000000000000000e+02 -1.475000000000000000e+02 -1.375000000000000000e+02 -3.692555917562619777e-03 9.385111835125238891e-05
-2.175000000000000000e+02 -2.075000000000000000e+02 -1.375000000000000000e+02 -1.275000000000000000e+02 -3.493586188444156027e-03 8.987172376888311769e-05
-2.175000000000000000e+02 -2.075000000000000000e+02 -1.275000000000000000e+02 -1.175000000000000000e+02 -5.480875117621963888e-03 1.296175023524392717e-04
-2.175000000000000000e+02 -2.075000000000000000e+02 -1.175000000000000000e+02 -1.075000000000000000e+02 -3.811921340389642920e-03 9.623842680779285286e-05
-2.175000000000000000e+02 -2.075000000000000000e+02 -1.075000000000000000e+02 -9.750000000000000000e+01 -2.703295815325561929e-03 7.406591630651124768e-05
-2.175000000000000000e+02 -2.075000000000000000e+02 -9.750000000000000000e+01 -8.750000000000000000e+01 -1.927766794008136178e-03 5.855533588016272398e-05
-2.175000000000000000e+02 -2.075000000000000000e+02 -8.750000000000000000e+01 -7.750000000000000000e+01 -1.267887004156354608e-03 4.535774008312709908e-05
-2.175000000000000000e+02 -2.075000000000000000e+02 -7.750000000000000000e+01 -6.750000000000000000e+01 -1.114723488918398578e-03 4.229446977836797224e-05
-2.175000000000000000e+02 -2.075000000000000000e+02 -6.750000000000000000e+01 -5.750000000000000000e+01 -2.128597781635392129e-03 6.257195563270784842e-05
-2.175000000000000000e+02 -2.075000000000000000e+02 -5.750000000000000000e+01 -4.750000000000000000e+01 -1.495015809776782667e-03 4.990031619553565620e-05
-2.075000000000000000e+02 -1.975000000000000000e+02 -1.875000000000000000e+02 -1.775000000000000000e+02 -5.153328962037594385e-01 1.032665792407518740e-02
-2.075000000000000000e+02 -1.975000000000000000e+02 -1.775000000000000000e+02 -1.675000000000000000e+02 -1.344907295308272743e-01 2.709814590616545747e-03
-2.075000000000000000e+02 -1.975000000000000000e+02 -1.675000000000000000e+02 -1.575000000000000000e+02 -5.658160668084774580e-02 1.151632133616955047e-03
-2.075000000000000000e+02 -1.975000000000000000e+02 -1.575000000000000000e+02 -1.475000000000000000e+02 -2.891767391967082351e-02 5.983534783934164967e-04
-2.075000000000000000e+02 -1.975000000000000000e+02 -1.475000000000000000e+02 -1.375000000000000000e+02 -5.904972374749406505e-03 1.380994474949881479e-04
-2.075000000000000000e+02 -1.975000000000000000e+02 -1.375000000000000000e+02 -1.275000000000000000e+02 -5.155817604237410146e-03 1.231163520847482022e-04
-2.075000000000000000e+02 -1.975000000000000000e+02 -1.275000000000000000e+02 -1.175000000000000000e+02 -7.806000059814469788e-03 1.761200011962893929e-04
-2.075000000000000000e+02 -1.975000000000000000e+02 -1.175000000000000000e+02 -1.075000000000000000e+02 -5.281752016175474823e-03 1.256350403235095045e-04
-2.075000000000000000e+02 -1.975000000000000000e+02 -1.075000000000000000e+02 -9.750000000000000000e+01 -3.650629146821571247e-03 9.301258293643142210e-05
-2.075000000000000000e+02 -1.975000000000000000e+02 -9.750000000000000000e+01 -8.750000000000000000e+01 -2.546097419087787680e-03 7.092194838175575782e-05
-2.075000000000000000e+02 -1.975000000000000000e+02 -8.750000000000000000e+01 -7.750000000000000000e+01 -1.644634446532075925e-03 5.289268893064151946e-05
-2.075000000000000000e+02 -1.975000000000000000e+02 -7.750000000000000000e+01 -6.750000000000000000e+01 -1.408579842148111744e-03 4.817159684296223610e-05
-2.075000000000000000e+02 -1.975000000000000000e+02 -6.750000000000000000e+01 -5.750000000000000000e+01 -2.647623158407875349e-03 7.295246316815751607e-05
-2.075000000000000000e+02 -1.975000000000000000e+02 -5.750000000000000000e+01 -4.750000000000000000e+01 -1.835994397809657258e-03 5.671988795619314937e-05
-2.075000000000000000e+02 -1.975000000000000000e+02 -4.750000000000000000e+01 -3.750000000000000000e+01 -4.357631431254824217e-04 2.871526286250965075e-05
-1.975000000000000000e+02 -1.875000000000000000e+02 -1.775000000000000000e+02 -1.675000000000000000e+02 -5.172489758335430121e-01 1.036497951667086047e-02
-1.975000000000000000e+02 -1.875000000000000000e+02 -1.675000000000000000e+02 -1.575000000000000000e+02 -1.392822921676699632e-01 2.805645843353399543e-03
-1.975000000000000000e+02 -1.875000000000000000e+02 -1.575000000000000000e+02 -1.475000000000000000e+02 -5.784520967797765478e-02 1.176904193559553252e-03
-1.975000000000000000e+02 -1.875000000000000000e+02 -1.475000000000000000e+02 -1.375000000000000000e+02 -1.032669467613844816e-02 2.265338935227689658e-04
-1.975000000000000000e+02 -1.875000000000000000e+02 -1.375000000000000000e+02 -1.275000000000000000e+02 -8.064448973603789705e-03 1.812889794720757826e-04
-1.975000000000000000e+02 -1.875000000000000000e+02 -1.275000000000000000e+02 -1.175000000000000000e+02 -1.163278544490977534e-02 2.526557088981955289e-04
-1.975000000000000000e+02 -1.875000000000000000e+02 -1.175000000000000000e+02 -1.075000000000000000e+02 -7.605897938867837993e-03 1.721179587773567483e-04
-1.975000000000000000e+02 -1.875000000000000000e+02 -1.075000000000000000e+02 -9.750000000000000000e+01 -5.097157051126663396e-03 1.219431410225332721e-04
-1.975000000000000000e+02 -1.875000000000000000e+02 -9.750000000000000000e+01 -8.750000000000000000e+01 -3.462908668030690446e-03 8.925817336061380607e-05
-1.975000000000000000e+02 -1.875000000000000000e+02 -8.750000000000000000e+01 -7.750000000000000000e+01 -2.190343918687134156e-03 6.380687837374268354e-05
-1.975000000000000000e+02 -1.875000000000000000e+02 -7.750000000000000000e+01 -6.750000000000000000e+01 -1.820812774988984223e-03 5.641625549977968216e-05
-1.975000000000000000e+02 -1.875000000000000000e+02 -6.750000000000000000e+01 -5.750000000000000000e+01 -3.361058957817148612e-03 8.722117915634296996e-05
-1.975000000000000000e+02 -1.875000000000000000e+02 -5.750000000000000000e+01 -4.750000000000000000e+01 -2.297060343608577429e-03 6.594120687217154466e-05
-1.975000000000000000e+02 -1.875000000000000000e+02 -4.750000000000000000e+01 -3.750000000000000000e+01 -5.326681389681451814e-04 3.065336277936290540e-05
-1.975000000000000000e+02 -1.875000000000000000e+02 -3.750000000000000000e+01 -2.750000000000000000e+01 -6.112558899480117700e-04 3.222511779896024015e-05
-1.875000000000000000e+02 -1.775000000000000000e+02 -1.675000000000000000e+02 -1.575000000000000000e+02 -5.276896738782483887e-01 1.057379347756496647e-02
-1.875000000000000000e+02 -1.775000000000000000e+02 -1.575000000000000000e+02 -1.475000000000000000e+02 -1.442019355499593591e-01 2.904038710999187322e-03
-1.875000000000000000e+02 -1.775000000000000000e+02 -1.475000000000000000e+02 -1.375000000000000000e+02 -2.064585736538851468e-02 4.329171473077703136e-04
-1.875000000000000000e+02 -1.775000000000000000e+02 -1.375000000000000000e+02 -1.275000000000000000e+02 -1.365363977488845415e-02 2.930727954977690726e-04
-1.875000000000000000e+02 -1.775000000000000000e+02 -1.275000000000000000e+02 -1.175000000000000000e+02 -1.836028719153322969e-02 3.872057438306646007e-04
-1.875000000000000000e+02 -1.775000000000000000e+02 -1.175000000000000000e+02 -1.075000000000000000e+02 -1.148634113059596173e-02 2.497268226119192568e-04
-1.875000000000000000e+02 -1.775000000000000000e+02 -1.075000000000000000e+02 -9.750000000000000000e+01 -7.412898143368661791e-03 1.682579628673732341e-04
-1.875000000000000000e+02 -1.775000000000000000e+02 -9.750000000000000000e+01 -8.750000000000000000e+01 -4.881569996293834424e-03 1.176313999258766889e-04
-1.875000000000000000e+02 -1.775000000000000000e+02 -8.750000000000000000e+01 -7.750000000000000000e+01 -3.012864793615527975e-03 8.025729587231056643e-05
-1.875000000000000000e+02 -1.775000000000000000e+02 -7.750000000000000000e+01 -6.750000000000000000e+01 -2.421090581712541726e-03 6.842181163425084360e-05
-1.875000000000000000e+02 -1.775000000000000000e+02 -6.750000000000000000e+01 -5.750000000000000000e+01 -4.377424101930047287e-03 1.075484820386009510e-04
-1.875000000000000000e+02 -1.775000000000000000e+02 -5.750000000000000000e+01 -4.750000000000000000e+01 -2.942567933409357718e-03 7.885135866818715857e-05
-1.875000000000000000e+02 -1.775000000000000000e+02 -4.750000000000000000e+01 -3.750000000000000000e+01 -6.645012561998899295e-04 3.329002512399780009e-05
-1.875000000000000000e+02 -1.775000000000000000e+02 -3.750000000000000000e+01 -2.750000000000000000e+01 -7.548280246313567726e-04 3.509656049262714129e-05
-1.875000000000000000e+02 -1.775000000000000000e+02 -2.750000000000000000e+01 -1.750000000000000000e+01 -6.129791131117175162e-04 3.225958226223434912e-05
-1.775000000000000000e+02 -1.675000000000000000e+02 -1.575000000000000000e+02 -1.475000000000000000e+02 -5.498171164311709269e-01 1.101634232862341856e-02
-1.775000000000000000e+02 -1.675000000000000000e+02 -1.475000000000000000e+02 -1.375000000000000000e+02 -5.169427159054225396e-02 1.053885431810845175e-03
-1.775000000000000000e+02 -1.675000000000000000e+02 -1.375000000000000000e+02 -1.275000000000000000e+02 -2.595089145767960626e-02 5.390178291535921732e-04
-1.775000000000000000e+02 -1.675000000000000000e+02 -1.275000000000000000e+02 -1.175000000000000000e+02 -3.119954051810534812e-02 6.439908103621070539e-04
-1.775000000000000000e+02 -1.675000000000000000e+02 -1.175000000000000000e+02 -1.075000000000000000e+02 -1.838612464471351543e-02 3.877224928942703329e-04
-1.775000000000000000e+02 -1.675000000000000000e+02 -1.075000000000000000e+02 -9.750000000000000000e+01 -1.132151674722862295e-02 2.464303349445724680e-04
-1.775000000000000000e+02 -1.675000000000000000e+02 -9.750000000000000000e+01 -8.750000000000000000e+01 -7.183239691124481546e-03 1.636647938224896454e-04
-1.775000000000000000e+02 -1.675000000000000000e+02 -8.750000000000000000e+01 -7.750000000000000000e+01 -4.308943312437273077e-03 1.061788662487454630e-04
-1.775000000000000000e+02 -1.675000000000000000e+02 -7.750000000000000000e+01 -6.750000000000000000e+01 -3.333597045056369002e-03 8.667194090112738045e-05
-1.775000000000000000e+02 -1.675000000000000000e+02 -6.750000000000000000e+01 -5.750000000000000000e+01 -5.887998130610640549e-03 1.377599626122128071e-04
-1.775000000000000000e+02 -1.675000000000000000e+02 -5.750000000000000000e+01 -4.750000000000000000e+01 -3.885381560214284935e-03 9.770763120428570291e-05
-1.775000000000000000e+02 -1.675000000000000000e+02 -4.750000000000000000e+01 -3.750000000000000000e+01 -8.517095297613606203e-04 3.703419059522721418e-05
-1.775000000000000000e+02 -1.675000000000000000e+02 -3.750000000000000000e+01 -2.750000000000000000e+01 -9.564674949388120642e-04 3.912934989877624414e-05
-1.775000000000000000e+02 -1.675000000000000000e+02 -2.750000000000000000e+01 -1.750000000000000000e+01 -7.710015204396855962e-04 3.542003040879371126e-05
-1.775000000000000000e+02 -1.675000000000000000e+02 -1.750000000000000000e+01 -7.500000000000000000e+00 -5.252676945069313999e-04 3.050535389013862923e-05
-1.675000000000000000e+02 -1.575000000000000000e+02 -1.475000000000000000e+02 -1.375000000000000000e+02 -2.008823001432044342e-01 4.037646002864088944e-03
-1.675000000000000000e+02 -1.575000000000000000e+02 -1.375000000000000000e+02 -1.275000000000000000e+02 -5.976333962994537230e-02 1.215266792598907516e-03
-1.675000000000000000e+02 -1.575000000000000000e+02 -1.275000000000000000e+02 -1.175000000000000000e+02 -5.829001414516904456e-02 1.185800282903380935e-03
-1.675000000000000000e+02 -1.575000000000000000e+02 -1.175000000000000000e+02 -1.075000000000000000e+02 -3.143186735449958469e-02 6.486373470899917072e-04
-1.675000000000000000e+02 -1.575000000000000000e+02 -1.075000000000000000e+02 -9.750000000000000000e+01 -1.821625380642453301e-02 3.843250761284906412e-04
-1.675000000000000000e+02 -1.575000000000000000e+02 -9.750000000000000000e+01 -8.750000000000000000e+01 -1.105485525658835011e-02 2.410971051317669929e-04
-1.675000000000000000e+02 -1.575000000000000000e+02 -8.750000000000000000e+01 -7.750000000000000000e+01 -6.419328479285977412e-03 1.483865695857195443e-04
-1.675000000000000000e+02 -1.575000000000000000e+02 -7.750000000000000000e+01 -6.750000000000000000e+01 -4.766695552093438287e-03 1.153339110418687645e-04
-1.675000000000000000e+02 -1.575000000000000000e+02 -6.750000000000000000e+01 -5.750000000000000000e+01 -8.209186308402966620e-03 1.841837261680593404e-04
-1.675000000000000000e+02 -1.575000000000000000e+02 -5.750000000000000000e+01 -4.750000000000000000e+01 -5.311292725910762499e-03 1.262258545182152667e-04
-1.675000000000000000e+02 -1.575000000000000000e+02 -4.750000000000000000e+01 -3.750000000000000000e+01 -1.128019896892241969e-03 4.256039793784483871e-05
-1.675000000000000000e+02 -1.575000000000000000e+02 -3.750000000000000000e+01 -2.750000000000000000e+01 -1.251350970894980763e-03 4.502701941789962164e-05
-1.675000000000000000e+02 -1.575000000000000000e+02 -2.750000000000000000e+01 -1.750000000000000000e+01 -1.000968309872780730e-03 4.001936619745561665e-05
-1.675000000000000000e+02 -1.575000000000000000e+02 -1.750000000000000000e+01 -7.500000000000000000e+00 -6.762126840662401051e-04 3.352425368132480685e-05
-1.675000000000000000e+02 -1.575000000000000000e+02 -7.500000000000000000e+00 2.500000000000000000e+00 -4.670893802981935031e-04 2.934178760596387251e-05
-1.575000000000000000e+02 -1.475000000000000000e+02 -1.375000000000000000e+02 -1.275000000000000000e+02 -1.531819813289775345e-01 3.083639626579550829e-03
-1.575000000000000000e+02 -1.475000000000000000e+02 -1.275000000000000000e+02 -1.175000000000000000e+02 -9.541613521178983481e-02 1.928322704235796740e-03
-1.575000000000000000e+02 -1.475000000000000000e+02 -1.175000000000000000e+02 -1.075000000000000000e+02 -4.423826068944315681e-02 9.047652137888632148e-04
-1.575000000000000000e+02 -1.475000000000000000e+02 -1.075000000000000000e+02 -9.750000000000000000e+01 -2.363283442948929669e-02 4.926566885897859472e-04
-1.575000000000000000e+02 -1.475000000000000000e+02 -9.750000000000000000e+01 -8.750000000000000000e+01 -1.361822093576315479e-02 2.923644187152631265e-04
-1.575000000000000000e+02 -1.475000000000000000e+02 -8.750000000000000000e+01 -7.750000000000000000e+01 -7.639627302373441786e-03 1.727925460474688329e-04
-1.575000000000000000e+02 -1.475000000000000000e+02 -7.750000000000000000e+01 -6.750000000000000000e+01 -5.452748144527144042e-03 1.290549628905428813e-04
-1.575000000000000000e+02 -1.475000000000000000e+02 -6.750000000000000000e+01 -5.750000000000000000e+01 -9.170179348779148448e-03 2.034035869755829705e-04
-1.575000000000000000e+02 -1.475000000000000000e+02 -5.750000000000000000e+01 -4.750000000000000000e+01 -5.828503128066275102e-03 1.365700625613255068e-04
-1.575000000000000000e+02 -1.475000000000000000e+02 -4.750000000000000000e+01 -3.750000000000000000e+01 -1.203499096975740174e-03 4.406998193951480768e-05
-1.575000000000000000e+02 -1.475000000000000000e+02 -3.750000000000000000e+01 -2.750000000000000000e+01 -1.320628682563275771e-03 4.641257365126551639e-05
-1.575000000000000000e+02 -1.475000000000000000e+02 -2.750000000000000000e+01 -1.750000000000000000e+01 -1.049436379051539234e-03 4.098872758103079160e-05
-1.575000000000000000e+02 -1.475000000000000000e+02 -1.750000000000000000e+01 -7.500000000000000000e+00 -7.040377276122875005e-04 3.408075455224575070e-05
-1.575000000000000000e+02 -1.475000000000000000e+02 -7.500000000000000000e+00 2.500000000000000000e+00 -4.817179001617519912e-04 2.963435800323504295e-05
-1.575000000000000000e+02 -1.475000000000000000e+02 2.500000000000000000e+00 1.250000000000000000e+01 -3.785065234733200543e-04 2.757013046946640259e-05
-1.475000000000000000e+02 -1.375000000000000000e+02 -1.275000000000000000e+02 -1.175000000000000000e+02 -1.943277688019470484e-01 3.906555376038941228e-03
-1.475000000000000000e+02 -1.375000000000000000e+02 -1.175000000000000000e+02 -1.075000000000000000e+02 -5.031007731271957412e-02 1.026201546254391569e-03
-1.475000000000000000e+02 -1.375000000000000000e+02 -1.075000000000000000e+02 -9.750000000000000000e+01 -2.011280209305007713e-02 4.222560418610015668e-04
-1.475000000000000000e+02 -1.375000000000000000e+02 -9.750000000000000000e+01 -8.750000000000000000e+01 -9.829777969996709303e-03 2.165955593999341800e-04
-1.475000000000000000e+02 -1.375000000000000000e+02 -8.750000000000000000e+01 -7.750000000000000000e+01 -4.987768206110344132e-03 1.197553641222068814e-04
-1.475000000000000000e+02 -1.375000000000000000e+02 -7.750000000000000000e+01 -6.750000000000000000e+01 -3.212173449694252780e-03 8.424346899388505494e-05
-1.475000000000000000e+02 -1.375000000000000000e+02 -6.750000000000000000e+01 -5.750000000000000000e+01 -5.089582628852713439e-03 1.217916525770542703e-04
-1.475000000000000000e+02 -1.375000000000000000e+02 -5.750000000000000000e+01 -4.750000000000000000e+01 -3.106228145823309965e-03 8.212456291646619538e-05
-1.475000000000000000e+02 -1.375000000000000000e+02 -4.750000000000000000e+01 -3.750000000000000000e+01 -6.022147129498105211e-04 3.204429425899621165e-05
-1.475000000000000000e+02 -1.375000000000000000e+02 -3.750000000000000000e+01 -2.750000000000000000e+01 -6.447878470173902185e-04 3.289575694034780641e-05
-1.475000000000000000e+02 -1.375000000000000000e+02 -2.750000000000000000e+01 -1.750000000000000000e+01 -5.053041251565555149e-04 3.010608250313110990e-05
-1.475000000000000000e+02 -1.375000000000000000e+02 -1.750000000000000000e+01 -7.500000000000000000e+00 -3.342636715863993475e-04 2.668527343172799008e-05
-1.475000000000000000e+02 -1.375000000000000000e+02 -7.500000000000000000e+00 2.500000000000000000e+00 -2.243146875867386113e-04 2.448629375173477522e-05
-1.475000000000000000e+02 -1.375000000000000000e+02 2.500000000000000000e+00 1.250000000000000000e+01 -1.719486441335068422e-04 2.343897288267013780e-05
-1.475000000000000000e+02 -1.375000000000000000e+02 1.250000000000000000e+01 2.250000000000000000e+01 -1.615164312250530650e-04 2.323032862450106470e-05
-1.375000000000000000e+02 -1.275000000000000000e+02 -1.175000000000000000e+02 -1.075000000000000000e+02 -4.088805062225563391e-01 8.197610124451125760e-03
-1.375000000000000000e+02 -1.275000000000000000e+02 -1.075000000000000000e+02 -9.750000000000000000e+01 -9.832820663559269092e-02 1.986564132711853784e-03
-1.375000000000000000e+02 -1.275000000000000000e+02 -9.750000000000000000e+01 -8.750000000000000000e+01 -3.686013660022607885e-02 7.572027320045216729e-04
-1.375000000000000000e+02 -1.275000000000000000e+02 -8.750000000000000000e+01 -7.750000000000000000e+01 -1.610030136553325386e-02 3.420060273106650733e-04
-1.375000000000000000e+02 -1.275000000000000000e+02 -7.750000000000000000e+01 -6.750000000000000000e+01 -9.023731119299403802e-03 2.004746223859880895e-04
-1.375000000000000000e+02 -1.275000000000000000e+02 -6.750000000000000000e+01 -5.750000000000000000e+01 -1.316646158869510391e-02 2.833292317739020700e-04
-1.375000000000000000e+02 -1.275000000000000000e+02 -5.750000000000000000e+01 -4.750000000000000000e+01 -7.607291892417549981e-03 1.721458378483510141e-04
-1.375000000000000000e+02 -1.275000000000000000e+02 -4.750000000000000000e+01 -3.750000000000000000e+01 -1.355027045794350918e-03 4.710054091588701904e-05
-1.375000000000000000e+02 -1.275000000000000000e+02 -3.750000000000000000e+01 -2.750000000000000000e+01 -1.402733873716768831e-03 4.805467747433537704e-05
-1.375000000000000000e+02 -1.275000000000000000e+02 -2.750000000000000000e+01 -1.750000000000000000e+01 -1.079487313954651841e-03 4.158974627909303804e-05
-1.375000000000000000e+02 -1.275000000000000000e+02 -1.750000000000000000e+01 -7.500000000000000000e+00 -7.019002122937122168e-04 3.403800424587424313e-05
-1.375000000000000000e+02 -1.275000000000000000e+02 -7.500000000000000000e+00 2.500000000000000000e+00 -4.602348676584063977e-04 2.920469735316813108e-05
-1.375000000000000000e+02 -1.275000000000000000e+02 2.500000000000000000e+00 1.250000000000000000e+01 -3.424509837150566810e-04 2.684901967430113539e-05
-1.375000000000000000e+02 -1.275000000000000000e+02 1.250000000000000000e+01 2.250000000000000000e+01 -3.120127292644044731e-04 2.624025458528809205e-05
-1.375000000000000000e+02 -1.275000000000000000e+02 2.250000000000000000e+01 3.250000000000000000e+01 -3.306666445286755157e-04 2.661333289057351276e-05
-1.275000000000000000e+02 -1.175000000000000000e+02 -1.075000000000000000e+02 -9.750000000000000000e+01 -5.489788990064154994e-01 1.099957798012831008e-02
-1.275000000000000000e+02 -1.175000000000000000e+02 -9.750000000000000000e+01 -8.750000000000000000e+01 -1.449003455426942366e-01 2.918006910853884837e-03
-1.275000000000000000e+02 -1.175000000000000000e+02 -8.750000000000000000e+01 -7.750000000000000000e+01 -5.387774095400620078e-02 1.097554819080124189e-03
-1.275000000000000000e+02 -1.175000000000000000e+02 -7.750000000000000000e+01 -6.750000000000000000e+01 -2.682414453314074798e-02 5.564828906628150555e-04
-1.275000000000000000e+02 -1.175000000000000000e+02 -6.750000000000000000e+01 -5.750000000000000000e+01 -3.658375178554894303e-02 7.516750357109789216e-04
-1.275000000000000000e+02 -1.175000000000000000e+02 -5.750000000000000000e+01 -4.750000000000000000e+01 -2.026267513913145718e-02 4.252535027826291722e-04
-1.275000000000000000e+02 -1.175000000000000000e+02 -4.750000000000000000e+01 -3.750000000000000000e+01 -3.388135206904879099e-03 8.776270413809757860e-05
-1.275000000000000000e+02 -1.175000000000000000e+02 -3.750000000000000000e+01 -2.750000000000000000e+01 -3.420186721997148238e-03 8.840373443994295813e-05
-1.275000000000000000e+02 -1.175000000000000000e+02 -2.750000000000000000e+01 -1.750000000000000000e+01 -2.598449471199415495e-03 7.196898942398830977e-05
-1.275000000000000000e+02 -1.175000000000000000e+02 -1.750000000000000000e+01 -7.500000000000000000e+00 -1.670824388238314334e-03 5.341648776476628547e-05
-1.275000000000000000e+02 -1.175000000000000000e+02 -7.500000000000000000e+00 2.500000000000000000e+00 -1.080299005357743605e-03 4.160598010715487848e-05
-1.275000000000000000e+02 -1.175000000000000000e+02 2.500000000000000000e+00 1.250000000000000000e+01 -7.899136900374591902e-04 3.579827380074918856e-05
-1.275000000000000000e+02 -1.175000000000000000e+02 1.250000000000000000e+01 2.250000000000000000e+01 -7.070080401132931847e-04 3.414016080226586628e-05
-1.275000000000000000e+02 -1.175000000000000000e+02 2.250000000000000000e+01 3.250000000000000000e+01 -7.401248510331137620e-04 3.480249702066228054e-05
-1.275000000000000000e+02 -1.175000000000000000e+02 3.250000000000000000e+01 4.250000000000000000e+01 -7.507714319737665565e-04 3.501542863947532992e-05
-1.175000000000000000e+02 -1.075000000000000000e+02 -9.750000000000000000e+01 -8.750000000000000000e+01 -5.158639462745939763e-01 1.033727892549187941e-02
-1.175000000000000000e+02 -1.075000000000000000e+02 -8.750000000000000000e+01 -7.750000000000000000e+01 -1.254134366133508871e-01 2.528268732267018037e-03
-1.175000000000000000e+02 -1.075000000000000000e+02 -7.750000000000000000e+01 -6.750000000000000000e+01 -4.806843261104969123e-02 9.813686522209938336e-04
-1.175000000000000000e+02 -1.075000000000000000e+02 -6.750000000000000000e+01 -5.750000000000000000e+01 -5.677656459402111166e-02 1.155531291880422399e-03
-1.175000000000000000e+02 -1.075000000000000000e+02 -5.750000000000000000e+01 -4.750000000000000000e+01 -2.895998555219741338e-02 5.991997110439483505e-04
-1.175000000000000000e+02 -1.075000000000000000e+02 -4.750000000000000000e+01 -3.750000000000000000e+01 -4.295196861703508284e-03 1.059039372340701710e-04
-1.175000000000000000e+02 -1.075000000000000000e+02 -3.750000000000000000e+01 -2.750000000000000000e+01 -4.127719637095721844e-03 1.025543927419144373e-04
-1.175000000000000000e+02 -1.075000000000000000e+02 -2.750000000000000000e+01 -1.750000000000000000e+01 -3.062889732308348573e-03 8.125779464616696807e-05
-1.175000000000000000e+02 -1.075000000000000000e+02 -1.750000000000000000e+01 -7.500000000000000000e+00 -1.932718418066360980e-03 5.865436836132722435e-05
-1.175000000000000000e+02 -1.075000000000000000e+02 -7.500000000000000000e+00 2.500000000000000000e+00 -1.221679349144591531e-03 4.443358698289183049e-05
-1.175000000000000000e+02 -1.075000000000000000e+02 2.500000000000000000e+00 1.250000000000000000e+01 -8.687494594264797559e-04 3.737498918852960204e-05
-1.175000000000000000e+02 -1.075000000000000000e+02 1.250000000000000000e+01 2.250000000000000000e+01 -7.556109106620044480e-04 3.511221821324009209e-05
-1.175000000000000000e+02 -1.075000000000000000e+02 2.250000000000000000e+01 3.250000000000000000e+01 -7.753181951035414965e-04 3.550636390207083224e-05
-1.175000000000000000e+02 -1.075000000000000000e+02 3.250000000000000000e+01 4.250000000000000000e+01 -7.783146607914246187e-04 3.556629321582849388e-05
-1.175000000000000000e+02 -1.075000000000000000e+02 4.250000000000000000e+01 5.250000000000000000e+01 -7.273663966467390149e-04 3.454732793293478099e-05
-1.075000000000000000e+02 -9.750000000000000000e+01 -8.750000000000000000e+01 -7.750000000000000000e+01 -4.949754444879604365e-01 9.919508889759207776e-03
-1.075000000000000000e+02 -9.750000000000000000e+01 -7.750000000000000000e+01 -6.750000000000000000e+01 -1.183403865996505433e-01 2.386807731993010814e-03
-1.075000000000000000e+02 -9.750000000000000000e+01 -6.750000000000000000e+01 -5.750000000000000000e+01 -1.092403786455939801e-01 2.204807572911879864e-03
-1.075000000000000000e+02 -9.750000000000000000e+01 -5.750000000000000000e+01 -4.750000000000000000e+01 -4.925583675563471875e-02 1.005116735112694367e-03
-1.075000000000000000e+02 -9.750000000000000000e+01 -4.750000000000000000e+01 -3.750000000000000000e+01 -6.145397292237755188e-03 1.429079458447551172e-04
-1.075000000000000000e+02 -9.750000000000000000e+01 -3.750000000000000000e+01 -2.750000000000000000e+01 -5.472661774333427431e-03 1.294532354866685447e-04
-1.075000000000000000e+02 -9.750000000000000000e+01 -2.750000000000000000e+01 -1.750000000000000000e+01 -3.923924524077858009e-03 9.847849048155715842e-05
-1.075000000000000000e+02 -9.750000000000000000e+01 -1.750000000000000000e+01 -7.500000000000000000e+00 -2.415250021895219007e-03 6.830500043790438272e-05
-1.075000000000000000e+02 -9.750000000000000000e+01 -7.500000000000000000e+00 2.500000000000000000e+00 -1.484005792120150768e-03 4.968011584240301768e-05
-1.075000000000000000e+02 -9.750000000000000000e+01 2.500000000000000000e+00 1.250000000000000000e+01 -1.019127396308737443e-03 4.038254792617474928e-05
-1.075000000000000000e+02 -9.750000000000000000e+01 1.250000000000000000e+01 2.250000000000000000e+01 -8.543638370021398171e-04 3.708727674004279351e-05
-1.075000000000000000e+02 -9.750000000000000000e+01 2.250000000000000000e+01 3.250000000000000000e+01 -8.537519246138141477e-04 3.707503849227628120e-05
-1.075000000000000000e+02 -9.750000000000000000e+01 3.250000000000000000e+01 4.250000000000000000e+01 -8.454473398429801848e-04 3.690894679685960194e-05
-1.075000000000000000e+02 -9.750000000000000000e+01 4.250000000000000000e+01 5.250000000000000000e+01 -7.836395436105420345e-04 3.567279087221084002e-05
-1.075000000000000000e+02 -9.750000000000000000e+01 5.250000000000000000e+01 6.250000000000000000e+01 -6.982264149702887418e-04 3.396452829940577715e-05
-9.750000000000000000e+01 -8.750000000000000000e+01 -7.750000000000000000e+01 -6.750000000000000000e+01 -4.673478820452311999e-01 9.366957640904623184e-03
-9.750000000000000000e+01 -8.750000000000000000e+01 -6.750000000000000000e+01 -5.750000000000000000e+01 -2.674993231472296285e-01 5.369986462944592587e-03
-9.750000000000000000e+01 -8.750000000000000000e+01 -5.750000000000000000e+01 -4.750000000000000000e+01 -9.884856102981563752e-02 1.996971220596312647e-03
-9.750000000000000000e+01 -8.750000000000000000e+01 -4.750000000000000000e+01 -3.750000000000000000e+01 -9.603119788970573140e-03 2.120623957794114719e-04
-9.750000000000000000e+01 -8.750000000000000000e+01 -3.750000000000000000e+01 -2.750000000000000000e+01 -7.558440782712467360e-03 1.711688156542493541e-04
-9.750000000000000000e+01 -8.750000000000000000e+01 -2.750000000000000000e+01 -1.750000000000000000e+01 -5.144168732159316859e-03 1.228833746431863560e-04
-9.750000000000000000e+01 -8.750000000000000000e+01 -1.750000000000000000e+01 -7.500000000000000000e+00 -3.063316418633825478e-03 8.126632837267650726e-05
-9.750000000000000000e+01 -8.750000000000000000e+01 -7.500000000000000000e+00 2.500000000000000000e+00 -1.818762107681295981e-03 5.637524215362592871e-05
-9.750000000000000000e+01 -8.750000000000000000e+01 2.500000000000000000e+00 1.250000000000000000e+01 -1.198714225145124795e-03 4.397428450290250175e-05
-9.750000000000000000e+01 -8.750000000000000000e+01 1.250000000000000000e+01 2.250000000000000000e+01 -9.614220794652208330e-04 3.922844158930441382e-05
-9.750000000000000000e+01 -8.750000000000000000e+01 2.250000000000000000e+01 3.250000000000000000e+01 -9.297274527444009812e-04 3.859454905488802492e-05
-9.750000000000000000e+01 -8.750000000000000000e+01 3.250000000000000000e+01 4.250000000000000000e+01 -9.053211981983871198e-04 3.810642396396774417e-05
-9.750000000000000000e+01 -8.750000000000000000e+01 4.250000000000000000e+01 5.250000000000000000e+01 -8.310743774561949945e-04 3.662148754912390356e-05
-9.750000000000000000e+01 -8.750000000000000000e+01 5.250000000000000000e+01 6.250000000000000000e+01 -7.351947320105864728e-04 3.470389464021173529e-05
-9.750000000000000000e+01 -8.750000000000000000e+01 6.250000000000000000e+01 7.250000000000000000e+01 -6.404766577060242577e-04 3.280953315412048584e-05
-8.750000000000000000e+01 -7.750000000000000000e+01 -6.750000000000000000e+01 -5.750000000000000000e+01 -1.001687079708333483e+00 2.005374159416667065e-02
-8.750000000000000000e+01 -7.750000000000000000e+01 -5.750000000000000000e+01 -4.750000000000000000e+01 -2.531402026297450147e-01 5.082804052594900451e-03
-8.750000000000000000e+01 -7.750000000000000000e+01 -4.750000000000000000e+01 -3.750000000000000000e+01 -1.682706384065831007e-02 3.565412768131661801e-04
-8.750000000000000000e+01 -7.750000000000000000e+01 -3.750000000000000000e+01 -2.750000000000000000e+01 -1.051940593728430823e-02 2.303881187456861802e-04
-8.750000000000000000e+01 -7.750000000000000000e+01 -2.750000000000000000e+01 -1.750000000000000000e+01 -6.499792230202888765e-03 1.499958446040577703e-04
-8.750000000000000000e+01 -7.750000000000000000e+01 -1.750000000000000000e+01 -7.500000000000000000e+00 -3.669930520138683927e-03 9.339861040277368492e-05
-8.750000000000000000e+01 -7.750000000000000000e+01 -7.500000000000000000e+00 2.500000000000000000e+00 -2.077898916980082042e-03 6.155797833960164017e-05
-8.750000000000000000e+01 -7.750000000000000000e+01 2.500000000000000000e+00 1.250000000000000000e+01 -1.298534117270679772e-03 4.597068234541359260e-05
-8.750000000000000000e+01 -7.750000000000000000e+01 1.250000000000000000e+01 2.250000000000000000e+01 -9.834048013107159203e-04 3.966809602621432424e-05
-8.750000000000000000e+01 -7.750000000000000000e+01 2.250000000000000000e+01 3.250000000000000000e+01 -9.101442251919292237e-04 3.820288450383859140e-05
-8.750000000000000000e+01 -7.750000000000000000e+01 3.250000000000000000e+01 4.250000000000000000e+01 -8.664962793738699778e-04 3.732992558747739835e-05
-8.750000000000000000e+01 -7.750000000000000000e+01 4.250000000000000000e+01 5.250000000000000000e+01 -7.857266984314884711e-04 3.571453396862977363e-05
-8.750000000000000000e+01 -7.750000000000000000e+01 5.250000000000000000e+01 6.250000000000000000e+01 -6.891579998198615886e-04 3.378315999639723273e-05
-8.750000000000000000e+01 -7.750000000000000000e+01 6.250000000000000000e+01 7.250000000000000000e+01 -5.961923218081406281e-04 3.192384643616281786e-05
-8.750000000000000000e+01 -7.750000000000000000e+01 7.250000000000000000e+01 8.250000000000000000e+01 -5.152116366889227320e-04 3.030423273377845668e-05
-7.750000000000000000e+01 -6.750000000000000000e+01 -5.750000000000000000e+01 -4.750000000000000000e+01 -4.181557381149986874e+00 8.365114762299974416e-02
-7.750000000000000000e+01 -6.750000000000000000e+01 -4.750000000000000000e+01 -3.750000000000000000e+01 -1.489391896572175855e-01 2.998783793144351936e-03
-7.750000000000000000e+01 -6.750000000000000000e+01 -3.750000000000000000e+01 -2.750000000000000000e+01 -5.483562070800447608e-02 1.116712414160089643e-03
-7.750000000000000000e+01 -6.750000000000000000e+01 -2.750000000000000000e+01 -1.750000000000000000e+01 -2.538127306465000343e-02 5.276254612930000995e-04
-7.750000000000000000e+01 -6.750000000000000000e+01 -1.750000000000000000e+01 -7.500000000000000000e+00 -1.217830800165534827e-02 2.635661600331070092e-04
-7.750000000000000000e+01 -6.750000000000000000e+01 -7.500000000000000000e+00 2.500000000000000000e+00 -6.050497075061524871e-03 1.410099415012305119e-04
-7.750000000000000000e+01 -6.750000000000000000e+01 2.500000000000000000e+00 1.250000000000000000e+01 -3.296607702744740881e-03 8.593215405489482075e-05
-7.750000000000000000e+01 -6.750000000000000000e+01 1.250000000000000000e+01 2.250000000000000000e+01 -2.145657443271062684e-03 6.291314886542125030e-05
-7.750000000000000000e+01 -6.750000000000000000e+01 2.250000000000000000e+01 3.250000000000000000e+01 -1.750399060035243842e-03 5.500798120070488431e-05
-7.750000000000000000e+01 -6.750000000000000000e+01 3.250000000000000000e+01 4.250000000000000000e+01 -1.555598900294731177e-03 5.111197800589463208e-05
-7.750000000000000000e+01 -6.750000000000000000e+01 4.250000000000000000e+01 5.250000000000000000e+01 -1.359381613918362111e-03 4.718763227836724372e-05
-7.750000000000000000e+01 -6.750000000000000000e+01 5.250000000000000000e+01 6.250000000000000000e+01 -1.163560557089146630e-03 4.327121114178293084e-05
-7.750000000000000000e+01 -6.750000000000000000e+01 6.250000000000000000e+01 7.250000000000000000e+01 -9.878264260687903003e-04 3.975652852137581076e-05
-7.750000000000000000e+01 -6.750000000000000000e+01 7.250000000000000000e+01 8.250000000000000000e+01 -8.402820154386082124e-04 3.680564030877216765e-05
-7.750000000000000000e+01 -6.750000000000000000e+01 8.250000000000000000e+01 9.250000000000000000e+01 -7.235284450446306803e-04 3.447056890089261538e-05
-6.750000000000000000e+01 -5.750000000000000000e+01 -4.750000000000000000e+01 -3.750000000000000000e+01 -1.029728954070038505e+00 2.061457908140076900e-02
-6.750000000000000000e+01 -5.750000000000000000e+01 -3.750000000000000000e+01 -2.750000000000000000e+01 -2.748267422391091341e-01 5.516534844782182596e-03
-6.750000000000000000e+01 -5.750000000000000000e+01 -2.750000000000000000e+01 -1.750000000000000000e+01 -1.082312550713557531e-01 2.184625101427115339e-03
-6.750000000000000000e+01 -5.750000000000000000e+01 -1.750000000000000000e+01 -7.500000000000000000e+00 -4.764354366359421777e-02 9.728708732718844123e-04
-6.750000000000000000e+01 -5.750000000000000000e+01 -7.500000000000000000e+00 2.500000000000000000e+00 -2.222325766781921980e-02 4.644651533563844007e-04
-6.750000000000000000e+01 -5.750000000000000000e+01 2.500000000000000000e+00 1.250000000000000000e+01 -1.136333336433405922e-02 2.472666672866812064e-04
-6.750000000000000000e+01 -5.750000000000000000e+01 1.250000000000000000e+01 2.250000000000000000e+01 -6.871192780561974356e-03 1.574238556112394789e-04
-6.750000000000000000e+01 -5.750000000000000000e+01 2.250000000000000000e+01 3.250000000000000000e+01 -5.232513431118135383e-03 1.246502686223627102e-04
-6.750000000000000000e+01 -5.750000000000000000e+01 3.250000000000000000e+01 4.250000000000000000e+01 -4.461288848067356677e-03 1.092257769613471329e-04
-6.750000000000000000e+01 -5.750000000000000000e+01 4.250000000000000000e+01 5.250000000000000000e+01 -3.809819330898616546e-03 9.619638661797233568e-05
-6.750000000000000000e+01 -5.750000000000000000e+01 5.250000000000000000e+01 6.250000000000000000e+01 -3.212232440278885159e-03 8.424464880557770577e-05
-6.750000000000000000e+01 -5.750000000000000000e+01 6.250000000000000000e+01 7.250000000000000000e+01 -2.696187636699459711e-03 7.392375273398919789e-05
-6.750000000000000000e+01 -5.750000000000000000e+01 7.250000000000000000e+01 8.250000000000000000e+01 -2.272096136888793194e-03 6.544192273777586267e-05
-6.750000000000000000e+01 -5.750000000000000000e+01 8.250000000000000000e+01 9.250000000000000000e+01 -1.940684350523233515e-03 5.881368701046467884e-05
-6.750000000000000000e+01 -5.750000000000000000e+01 9.250000000000000000e+01 1.025000000000000000e+02 -1.710213034074795427e-03 5.420426068149590516e-05
-5.750000000000000000e+01 -4.750000000000000000e+01 -3.750000000000000000e+01 -2.750000000000000000e+01 -6.982489004717942205e-01 1.398497800943588470e-02
-5.750000000000000000e+01 -4.750000000000000000e+01 -2.750000000000000000e+01 -1.750000000000000000e+01 -1.944433007232183874e-01 3.908866014464367628e-03
-5.750000000000000000e+01 -4.750000000000000000e+01 -1.750000000000000000e+01 -7.500000000000000000e+00 -7.367229181232057278e-02 1.493445836246411456e-03
-5.750000000000000000e+01 -4.750000000000000000e+01 -7.500000000000000000e+00 2.500000000000000000e+00 -3.147897179310646387e-02 6.495794358621293299e-04
-5.750000000000000000e+01 -4.750000000000000000e+01 2.500000000000000000e+00 1.250000000000000000e+01 -1.489923160385041995e-02 3.179846320770084059e-04
-5.750000000000000000e+01 -4.750000000000000000e+01 1.250000000000000000e+01 2.250000000000000000e+01 -8.244605492220308252e-03 1.848921098444061720e-04
-5.750000000000000000e+01 -4.750000000000000000e+01 2.250000000000000000e+01 3.250000000000000000e+01 -5.739627368552685516e-03 1.347925473710537086e-04
-5.750000000000000000e+01 -4.750000000000000000e+01 3.250000000000000000e+01 4.250000000000000000e+01 -4.619059935288764851e-03 1.123811987057752974e-04
-5.750000000000000000e+01 -4.750000000000000000e+01 4.250000000000000000e+01 5.250000000000000000e+01 -3.821156000335983877e-03 9.642312000671967144e-05
-5.750000000000000000e+01 -4.750000000000000000e+01 5.250000000000000000e+01 6.250000000000000000e+01 -3.158952952585777213e-03 8.317905905171554142e-05
-5.750000000000000000e+01 -4.750000000000000000e+01 6.250000000000000000e+01 7.250000000000000000e+01 -2.614520247075060450e-03 7.229040494150121645e-05
-5.750000000000000000e+01 -4.750000000000000000e+01 7.250000000000000000e+01 8.250000000000000000e+01 -2.179214261847191997e-03 6.358428523694383927e-05
-5.750000000000000000e+01 -4.750000000000000000e+01 8.250000000000000000e+01 9.250000000000000000e+01 -1.844492623854453867e-03 5.688985247708908588e-05
-5.750000000000000000e+01 -4.750000000000000000e+01 9.250000000000000000e+01 1.025000000000000000e+02 -1.612952996917840776e-03 5.225905993835681105e-05
-5.750000000000000000e+01 -4.750000000000000000e+01 1.025000000000000000e+02 1.125000000000000000e+02 -1.316015440260042205e-03 4.632030880520084234e-05
-4.750000000000000000e+01 -3.750000000000000000e+01 -2.750000000000000000e+01 -1.750000000000000000e+01 -4.618168909059285898e-01 9.256337818118571051e-03
-4.750000000000000000e+01 -3.750000000000000000e+01 -1.750000000000000000e+01 -7.500000000000000000e+00 -1.070149939947027673e-01 2.160299879894055260e-03
-4.750000000000000000e+01 -3.750000000000000000e+01 -7.500000000000000000e+00 2.500000000000000000e+00 -3.602444797110346958e-02 7.404889594220694354e-04
-4.750000000000000000e+01 -3.750000000000000000e+01 2.500000000000000000e+00 1.250000000000000000e+01 -1.440755471968116139e-02 3.081510943936232325e-04
-4.750000000000000000e+01 -3.750000000000000000e+01 1.250000000000000000e+01 2.250000000000000000e+01 -6.599671654316175556e-03 1.519934330863235105e-04
-4.750000000000000000e+01 -3.750000000000000000e+01 2.250000000000000000e+01 3.250000000000000000e+01 -3.654551446995484704e-03 9.309102893990969341e-05
-4.750000000000000000e+01 -3.750000000000000000e+01 3.250000000000000000e+01 4.250000000000000000e+01 -2.456648322655238109e-03 6.913296645310476152e-05
-4.750000000000000000e+01 -3.750000000000000000e+01 4.250000000000000000e+01 5.250000000000000000e+01 -1.826381157719636147e-03 5.652762315439272065e-05
-4.750000000000000000e+01 -3.750000000000000000e+01 5.250000000000000000e+01 6.250000000000000000e+01 -1.416340909094273258e-03 4.832681818188546720e-05
-4.750000000000000000e+01 -3.750000000000000000e+01 6.250000000000000000e+01 7.250000000000000000e+01 -1.123857539704735571e-03 4.247715079409471319e-05
-4.750000000000000000e+01 -3.750000000000000000e+01 7.250000000000000000e+01 8.250000000000000000e+01 -9.086795409273297486e-04 3.817359081854659485e-05
-4.750000000000000000e+01 -3.750000000000000000e+01 8.250000000000000000e+01 9.250000000000000000e+01 -7.512765890036248936e-04 3.502553178007250263e-05
-4.750000000000000000e+01 -3.750000000000000000e+01 9.250000000000000000e+01 1.025000000000000000e+02 -6.447883673248158351e-04 3.289576734649631739e-05
-4.750000000000000000e+01 -3.750000000000000000e+01 1.025000000000000000e+02 1.125000000000000000e+02 -5.190531210847683027e-04 3.038106242169536864e-05
-4.750000000000000000e+01 -3.750000000000000000e+01 1.125000000000000000e+02 1.225000000000000000e+02 -2.731227998002158479e-04 2.546245599600431710e-05
-3.750000000000000000e+01 -2.750000000000000000e+01 -1.750000000000000000e+01 -7.500000000000000000e+00 -5.061359937523277619e-01 1.014271987504655401e-02
-3.750000000000000000e+01 -2.750000000000000000e+01 -7.500000000000000000e+00 2.500000000000000000e+00 -1.217619614755242330e-01 2.455239229510484955e-03
-3.750000000000000000e+01 -2.750000000000000000e+01 2.500000000000000000e+00 1.250000000000000000e+01 -4.173121007725792697e-02 8.546242015451586092e-04
-3.750000000000000000e+01 -2.750000000000000000e+01 1.250000000000000000e+01 2.250000000000000000e+01 -1.700051163584889724e-02 3.600102327169779756e-04
-3.750000000000000000e+01 -2.750000000000000000e+01 2.250000000000000000e+01 3.250000000000000000e+01 -8.167683450535707934e-03 1.833536690107141548e-04
-3.750000000000000000e+01 -2.750000000000000000e+01 3.250000000000000000e+01 4.250000000000000000e+01 -4.778057691336559665e-03 1.155611538267311926e-04
-3.750000000000000000e+01 -2.750000000000000000e+01 4.250000000000000000e+01 5.250000000000000000e+01 -3.221085749896157591e-03 8.442171499792315602e-05
-3.750000000000000000e+01 -2.750000000000000000e+01 5.250000000000000000e+01 6.250000000000000000e+01 -2.346407420722949541e-03 6.692814841445899287e-05
-3.750000000000000000e+01 -2.750000000000000000e+01 6.250000000000000000e+01 7.250000000000000000e+01 -1.786769463483361617e-03 5.573538926966723492e-05
-3.750000000000000000e+01 -2.750000000000000000e+01 7.250000000000000000e+01 8.250000000000000000e+01 -1.403761345646277123e-03 4.807522691292554558e-05
-3.750000000000000000e+01 -2.750000000000000000e+01 8.250000000000000000e+01 9.250000000000000000e+01 -1.136284404557795676e-03 4.272568809115591420e-05
-3.750000000000000000e+01 -2.750000000000000000e+01 9.250000000000000000e+01 1.025000000000000000e+02 -9.596502198174214696e-04 3.919300439634842710e-05
-3.750000000000000000e+01 -2.750000000000000000e+01 1.025000000000000000e+02 1.125000000000000000e+02 -7.640207708699666214e-04 3.528041541739933339e-05
-3.750000000000000000e+01 -2.750000000000000000e+01 1.125000000000000000e+02 1.225000000000000000e+02 -3.977497323514331620e-04 2.795499464702866420e-05
-3.750000000000000000e+01 -2.750000000000000000e+01 1.225000000000000000e+02 1.325000000000000000e+02 -3.904151101669509419e-04 2.780830220333902224e-05
-2.750000000000000000e+01 -1.750000000000000000e+01 -7.500000000000000000e+00 2.500000000000000000e+00 -5.144250976851565405e-01 1.030850195370312979e-02
-2.750000000000000000e+01 -1.750000000000000000e+01 2.500000000000000000e+00 1.250000000000000000e+01 -1.248921434197205194e-01 2.517842868394410370e-03
-2.750000000000000000e+01 -1.750000000000000000e+01 1.250000000000000000e+01 2.250000000000000000e+01 -4.284423562022247889e-02 8.768847124044496432e-04
-2.750000000000000000e+01 -1.750000000000000000e+01 2.250000000000000000e+01 3.250000000000000000e+01 -1.756443399889529369e-02 3.712886799779059046e-04
-2.750000000000000000e+01 -1.750000000000000000e+01 3.250000000000000000e+01 4.250000000000000000e+01 -8.646020540821999084e-03 1.929204108164399919e-04
-2.750000000000000000e+01 -1.750000000000000000e+01 4.250000000000000000e+01 5.250000000000000000e+01 -5.031936179506365375e-03 1.206387235901273025e-04
-2.750000000000000000e+01 -1.750000000000000000e+01 5.250000000000000000e+01 6.250000000000000000e+01 -3.290000613911551325e-03 8.580001227823102908e-05
-2.750000000000000000e+01 -1.750000000000000000e+01 6.250000000000000000e+01 7.250000000000000000e+01 -2.319483526336140258e-03 6.638967052672281371e-05
-2.750000000000000000e+01 -1.750000000000000000e+01 7.250000000000000000e+01 8.250000000000000000e+01 -1.723042495545381789e-03 5.446084991090763348e-05
-2.750000000000000000e+01 -1.750000000000000000e+01 8.250000000000000000e+01 9.250000000000000000e+01 -1.337385468359749384e-03 4.674770936719499406e-05
-2.750000000000000000e+01 -1.750000000000000000e+01 9.250000000000000000e+01 1.025000000000000000e+02 -1.093898562286695769e-03 4.187797124573391607e-05
-2.750000000000000000e+01 -1.750000000000000000e+01 1.025000000000000000e+02 1.125000000000000000e+02 -8.520703908191824827e-04 3.704140781638364953e-05
-2.750000000000000000e+01 -1.750000000000000000e+01 1.125000000000000000e+02 1.225000000000000000e+02 -4.343440527362794554e-04 2.868688105472559196e-05
-2.750000000000000000e+01 -1.750000000000000000e+01 1.225000000000000000e+02 1.325000000000000000e+02 -4.184193144584997734e-04 2.836838628916999683e-05
-2.750000000000000000e+01 -1.750000000000000000e+01 1.325000000000000000e+02 1.425000000000000000e+02 -5.245322456169246653e-04 3.049064491233849575e-05
-1.750000000000000000e+01 -7.500000000000000000e+00 2.500000000000000000e+00 1.250000000000000000e+01 -5.184483604305547555e-01 1.038896720861109436e-02
-1.750000000000000000e+01 -7.500000000000000000e+00 1.250000000000000000e+01 2.250000000000000000e+01 -1.259563605797497376e-01 2.539127211594994962e-03
-1.750000000000000000e+01 -7.500000000000000000e+00 2.250000000000000000e+01 3.250000000000000000e+01 -4.313277808956985510e-02 8.826555617913971327e-04
-1.750000000000000000e+01 -7.500000000000000000e+00 3.250000000000000000e+01 4.250000000000000000e+01 -1.819230885712181528e-02 3.838461771424363234e-04
-1.750000000000000000e+01 -7.500000000000000000e+00 4.250000000000000000e+01 5.250000000000000000e+01 -9.171105306168002985e-03 2.034221061233600504e-04
-1.750000000000000000e+01 -7.500000000000000000e+00 5.250000000000000000e+01 6.250000000000000000e+01 -5.306528648179481902e-03 1.261305729635896461e-04
-1.750000000000000000e+01 -7.500000000000000000e+00 6.250000000000000000e+01 7.250000000000000000e+01 -3.389941357263229899e-03 8.779882714526459622e-05
-1.750000000000000000e+01 -7.500000000000000000e+00 7.250000000000000000e+01 8.250000000000000000e+01 -2.327952762517928459e-03 6.655905525035856634e-05
-1.750000000000000000e+01 -7.500000000000000000e+00 8.250000000000000000e+01 9.250000000000000000e+01 -1.696465531384677011e-03 5.392931062769354823e-05
-1.750000000000000000e+01 -7.500000000000000000e+00 9.250000000000000000e+01 1.025000000000000000e+02 -1.319092386652054999e-03 4.638184773304110202e-05
-1.750000000000000000e+01 -7.500000000000000000e+00 1.025000000000000000e+02 1.125000000000000000e+02 -9.912851501241862553e-04 3.982570300248372634e-05
-1.750000000000000000e+01 -7.500000000000000000e+00 1.125000000000000000e+02 1.225000000000000000e+02 -4.877641156424208924e-04 2.975528231284842097e-05
-1.750000000000000000e+01 -7.500000000000000000e+00 1.225000000000000000e+02 1.325000000000000000e+02 -4.549513543429120968e-04 2.909902708685824235e-05
-1.750000000000000000e+01 -7.500000000000000000e+00 1.325000000000000000e+02 1.425000000000000000e+02 -5.588001287345862808e-04 3.117600257469172901e-05
-1.750000000000000000e+01 -7.500000000000000000e+00 1.425000000000000000e+02 1.525000000000000000e+02 -4.393882273167840774e-04 2.878776454633568576e-05
-7.500000000000000000e+00 2.500000000000000000e+00 1.250000000000000000e+01 2.250000000000000000e+01 -5.177356124044663055e-01 1.037471224808932634e-02
-7.500000000000000000e+00 2.500000000000000000e+00 2.250000000000000000e+01 3.250000000000000000e+01 -1.251475132699587101e-01 2.522950265399174358e-03
-7.500000000000000000e+00 2.500000000000000000e+00 3.250000000000000000e+01 4.250000000000000000e+01 -4.418140223965776742e-02 9.036280447931553661e-04
-7.500000000000000000e+00 2.500000000000000000e+00 4.250000000000000000e+01 5.250000000000000000e+01 -1.961258636079414586e-02 4.122517272158829241e-04
-7.500000000000000000e+00 2.500000000000000000e+00 5.250000000000000000e+01 6.250000000000000000e+01 -1.023022187760005280e-02 2.246044375520010533e-04
-7.500000000000000000e+00 2.500000000000000000e+00 6.250000000000000000e+01 7.250000000000000000e+01 -5.994678847534410521e-03 1.398935769506882173e-04
-7.500000000000000000e+00 2.500000000000000000e+00 7.250000000000000000e+01 8.250000000000000000e+01 -3.829840249808612318e-03 9.659680499617224136e-05
-7.500000000000000000e+00 2.500000000000000000e+00 8.250000000000000000e+01 9.250000000000000000e+01 -2.626135969457746647e-03 7.252271938915493010e-05
-7.500000000000000000e+00 2.500000000000000000e+00 9.250000000000000000e+01 1.025000000000000000e+02 -1.940088688954351437e-03 5.880177377908703674e-05
-7.500000000000000000e+00 2.500000000000000000e+00 1.025000000000000000e+02 1.125000000000000000e+02 -1.403976693952560702e-03 4.807953387905121581e-05
-7.500000000000000000e+00 2.500000000000000000e+00 1.125000000000000000e+02 1.225000000000000000e+02 -6.651912580253986629e-04 3.330382516050797259e-05
-7.500000000000000000e+00 2.500000000000000000e+00 1.225000000000000000e+02 1.325000000000000000e+02 -5.988220142562209261e-04 3.197644028512441948e-05
-7.500000000000000000e+00 2.500000000000000000e+00 1.325000000000000000e+02 1.425000000000000000e+02 -7.186498148105784078e-04 3.437299629621156884e-05
-7.500000000000000000e+00 2.500000000000000000e+00 1.425000000000000000e+02 1.525000000000000000e+02 -5.532166458154189753e-04 3.106433291630838480e-05
-7.500000000000000000e+00 2.500000000000000000e+00 1.525000000000000000e+02 1.625000000000000000e+02 -4.388627079441754369e-04 2.877725415888351010e-05
2.500000000000000000e+00 1.250000000000000000e+01 2.250000000000000000e+01 3.250000000000000000e+01 -5.144117469476250371e-01 1.030823493895250027e-02
2.500000000000000000e+00 1.250000000000000000e+01 3.250000000000000000e+01 4.250000000000000000e+01 -1.267467352678743608e-01 2.554934705357487287e-03
2.500000000000000000e+00 1.250000000000000000e+01 4.250000000000000000e+01 5.250000000000000000e+01 -4.716577121984585896e-02 9.633154243969172014e-04
2.500000000000000000e+00 1.250000000000000000e+01 5.250000000000000000e+01 6.250000000000000000e+01 -2.204434234302827395e-02 4.608868468605654837e-04
2.500000000000000000e+00 1.250000000000000000e+01 6.250000000000000000e+01 7.250000000000000000e+01 -1.192552353394406989e-02 2.585104706788814394e-04
2.500000000000000000e+00 1.250000000000000000e+01 7.250000000000000000e+01 8.250000000000000000e+01 -7.155162319175067953e-03 1.631032463835013562e-04
2.500000000000000000e+00 1.250000000000000000e+01 8.250000000000000000e+01 9.250000000000000000e+01 -4.659830032220939680e-03 1.131966006444187967e-04
2.500000000000000000e+00 1.250000000000000000e+01 9.250000000000000000e+01 1.025000000000000000e+02 -3.297264897382353593e-03 8.594529794764706849e-05
2.500000000000000000e+00 1.250000000000000000e+01 1.025000000000000000e+02 1.125000000000000000e+02 -2.310990400019113933e-03 6.621980800038228395e-05
2.500000000000000000e+00 1.250000000000000000e+01 1.125000000000000000e+02 1.225000000000000000e+02 -1.060835586419279879e-03 4.121671172838559799e-05
2.500000000000000000e+00 1.250000000000000000e+01 1.225000000000000000e+02 1.325000000000000000e+02 -9.270362907784273840e-04 3.854072581556854999e-05
2.500000000000000000e+00 1.250000000000000000e+01 1.325000000000000000e+02 1.425000000000000000e+02 -1.090699411099572448e-03 4.181398822199144884e-05
2.500000000000000000e+00 1.250000000000000000e+01 1.425000000000000000e+02 1.525000000000000000e+02 -8.243656428955359328e-04 3.648731285791072558e-05
2.500000000000000000e+00 1.250000000000000000e+01 1.525000000000000000e+02 1.625000000000000000e+02 -6.424365464664837447e-04 3.284873092932967721e-05
2.500000000000000000e+00 1.250000000000000000e+01 1.625000000000000000e+02 1.725000000000000000e+02 -5.140588915388522549e-04 3.028117783077704443e-05
1.250000000000000000e+01 2.250000000000000000e+01 3.250000000000000000e+01 4.250000000000000000e+01 -5.162015923127480921e-01 1.034403184625496200e-02
1.250000000000000000e+01 2.250000000000000000e+01 4.250000000000000000e+01 5.250000000000000000e+01 -1.317953838685858026e-01 2.655907677371716329e-03
1.250000000000000000e+01 2.250000000000000000e+01 5.250000000000000000e+01 6.250000000000000000e+01 -5.153042785842844309e-02 1.050608557168568845e-03
1.250000000000000000e+01 2.250000000000000000e+01 6.250000000000000000e+01 7.250000000000000000e+01 -2.517825142898158508e-02 5.235650285796317497e-04
1.250000000000000000e+01 2.250000000000000000e+01 7.250000000000000000e+01 8.250000000000000000e+01 -1.411654379251222474e-02 3.023308758502445039e-04
1.250000000000000000e+01 2.250000000000000000e+01 8.250000000000000000e+01 9.250000000000000000e+01 -8.746805065293104114e-03 1.949361013058620740e-04
1.250000000000000000e+01 2.250000000000000000e+01 9.250000000000000000e+01 1.025000000000000000e+02 -5.953903210725818712e-03 1.390780642145163801e-04
1.250000000000000000e+01 2.250000000000000000e+01 1.025000000000000000e+02 1.125000000000000000e+02 -4.059441807204938746e-03 1.011888361440987775e-04
1.250000000000000000e+01 2.250000000000000000e+01 1.125000000000000000e+02 1.225000000000000000e+02 -1.816004956478456736e-03 5.632009912956913947e-05
1.250000000000000000e+01 2.250000000000000000e+01 1.225000000000000000e+02 1.325000000000000000e+02 -1.550284688209429412e-03 5.100569376418858433e-05
1.250000000000000000e+01 2.250000000000000000e+01 1.325000000000000000e+02 1.425000000000000000e+02 -1.795928972350547756e-03 5.591857944701095120e-05
1.250000000000000000e+01 2.250000000000000000e+01 1.425000000000000000e+02 1.525000000000000000e+02 -1.338281131988325844e-03 4.676562263976651783e-05
1.250000000000000000e+01 2.250000000000000000e+01 1.525000000000000000e+02 1.625000000000000000e+02 -1.028840749435233973e-03 4.057681498870468204e-05
1.250000000000000000e+01 2.250000000000000000e+01 1.625000000000000000e+02 1.725000000000000000e+02 -8.130276369494272501e-04 3.626055273898854677e-05
1.250000000000000000e+01 2.250000000000000000e+01 1.725000000000000000e+02 1.825000000000000000e+02 -6.561404165755313836e-04 3.312280833151062592e-05
2.250000000000000000e+01 3.250000000000000000e+01 4.250000000000000000e+01 5.250000000000000000e+01 -5.198054221219030602e-01 1.041610844243806046e-02
2.250000000000000000e+01 3.250000000000000000e+01 5.250000000000000000e+01 6.250000000000000000e+01 -1.357852642188515091e-01 2.735705284377030339e-03
2.250000000000000000e+01 3.250000000000000000e+01 6.250000000000000000e+01 7.250000000000000000e+01 -5.469973535056205094e-02 1.113994707011241097e-03
2.250000000000000000e+01 3.250000000000000000e+01 7.250000000000000000e+01 8.250000000000000000e+01 -2.753863188116530136e-02 5.707726376233061404e-04
2.250000000000000000e+01 3.250000000000000000e+01 8.250000000000000000e+01 9.250000000000000000e+01 -1.593082075799576169e-02 3.386164151599152603e-04
2.250000000000000000e+01 3.250000000000000000e+01 9.250000000000000000e+01 1.025000000000000000e+02 -1.033744780194977356e-02 2.267489560389954791e-04
2.250000000000000000e+01 3.250000000000000000e+01 1.025000000000000000e+02 1.125000000000000000e+02 -6.830103083016372117e-03 1.566020616603274406e-04
2.250000000000000000e+01 3.250000000000000000e+01 1.125000000000000000e+02 1.225000000000000000e+02 -2.974529166994272639e-03 7.949058333988545590e-05
2.250000000000000000e+01 3.250000000000000000e+01 1.225000000000000000e+02 1.325000000000000000e+02 -2.482178640115038915e-03 6.964357280230078684e-05
2.250000000000000000e+01 3.250000000000000000e+01 1.325000000000000000e+02 1.425000000000000000e+02 -2.834235485577934685e-03 7.668470971155870008e-05
2.250000000000000000e+01 3.250000000000000000e+01 1.425000000000000000e+02 1.525000000000000000e+02 -2.085482933268384062e-03 6.170965866536767840e-05
2.250000000000000000e+01 3.250000000000000000e+01 1.525000000000000000e+02 1.625000000000000000e+02 -1.584601379472763694e-03 5.169202758945527592e-05
2.250000000000000000e+01 3.250000000000000000e+01 1.625000000000000000e+02 1.725000000000000000e+02 -1.239199948559682046e-03 4.478399897119364351e-05
2.250000000000000000e+01 3.250000000000000000e+01 1.725000000000000000e+02 1.825000000000000000e+02 -9.909014321777768336e-04 3.981802864355553546e-05
2.250000000000000000e+01 3.250000000000000000e+01 1.825000000000000000e+02 1.925000000000000000e+02 -8.063905996741928262e-04 3.612781199348385965e-05
3.250000000000000000e+01 4.250000000000000000e+01 5.250000000000000000e+01 6.250000000000000000e+01 -5.188858654947734461e-01 1.039771730989546769e-02
3.250000000000000000e+01 4.250000000000000000e+01 6.250000000000000000e+01 7.250000000000000000e+01 -1.357810682736675101e-01 2.735621365473350514e-03
3.250000000000000000e+01 4.250000000000000000e+01 7.250000000000000000e+01 8.250000000000000000e+01 -5.506031125516112901e-02 1.121206225103222763e-03
3.250000000000000000e+01 4.250000000000000000e+01 8.250000000000000000e+01 9.250000000000000000e+01 -2.810241894023123022e-02 5.820483788046246524e-04
3.250000000000000000e+01 4.250000000000000000e+01 9.250000000000000000e+01 1.025000000000000000e+02 -1.681033672448413452e-02 3.562067344896826951e-04
3.250000000000000000e+01 4.250000000000000000e+01 1.025000000000000000e+02 1.125000000000000000e+02 -1.055619266041787213e-02 2.311238532083574430e-04
3.250000000000000000e+01 4.250000000000000000e+01 1.125000000000000000e+02 1.225000000000000000e+02 -4.412774021769608201e-03 1.082554804353921661e-04
3.250000000000000000e+01 4.250000000000000000e+01 1.225000000000000000e+02 1.325000000000000000e+02 -3.561550973753508514e-03 9.123101947507016474e-05
3.250000000000000000e+01 4.250000000000000000e+01 1.325000000000000000e+02 1.425000000000000000e+02 -3.984700492052715287e-03 9.969400984105430670e-05
3.250000000000000000e+01 4.250000000000000000e+01 1.425000000000000000e+02 1.525000000000000000e+02 -2.882781982123792941e-03 7.765563964247585490e-05
3.250000000000000000e+01 4.250000000000000000e+01 1.525000000000000000e+02 1.625000000000000000e+02 -2.157366020115241909e-03 6.314732040230483642e-05
3.250000000000000000e+01 4.250000000000000000e+01 1.625000000000000000e+02 1.725000000000000000e+02 -1.665014358965081001e-03 5.330028717930162803e-05
3.250000000000000000e+01 4.250000000000000000e+01 1.725000000000000000e+02 1.825000000000000000e+02 -1.316374037818458798e-03 4.632748075636918179e-05
3.250000000000000000e+01 4.250000000000000000e+01 1.825000000000000000e+02 1.925000000000000000e+02 -1.060822072550379226e-03 4.121644145100759144e-05
3.250000000000000000e+01 4.250000000000000000e+01 1.925000000000000000e+02 2.025000000000000000e+02 -8.683687127411564635e-04 3.736737425482313294e-05
4.250000000000000000e+01 5.250000000000000000e+01 6.250000000000000000e+01 7.250000000000000000e+01 -5.171982312123556413e-01 1.036396462424711215e-02
4.250000000000000000e+01 5.250000000000000000e+01 7.250000000000000000e+01 8.250000000000000000e+01 -1.349242374332648153e-01 2.718484748665296602e-03
4.250000000000000000e+01 5.250000000000000000e+01 8.250000000000000000e+01 9.250000000000000000e+01 -5.482673243279788389e-02 1.116534648655957696e-03
4.250000000000000000e+01 5.250000000000000000e+01 9.250000000000000000e+01 1.025000000000000000e+02 -2.861380720286125362e-02 5.922761440572251119e-04
4.250000000000000000e+01 5.250000000000000000e+01 1.025000000000000000e+02 1.125000000000000000e+02 -1.655433949850292769e-02 3.510867899700585715e-04
4.250000000000000000e+01 5.250000000000000000e+01 1.125000000000000000e+02 1.225000000000000000e+02 -6.495915048216265725e-03 1.499183009643253171e-04
4.250000000000000000e+01 5.250000000000000000e+01 1.225000000000000000e+02 1.325000000000000000e+02 -4.983232894287922127e-03 1.196646578857584419e-04
4.250000000000000000e+01 5.250000000000000000e+01 1.325000000000000000e+02 1.425000000000000000e+02 -5.407788398790795703e-03 1.281557679758159112e-04
4.250000000000000000e+01 5.250000000000000000e+01 1.425000000000000000e+02 1.525000000000000000e+02 -3.817470663135914127e-03 9.634941326271828513e-05
4.250000000000000000e+01 5.250000000000000000e+01 1.525000000000000000e+02 1.625000000000000000e+02 -2.795469137574318336e-03 7.590938275148636984e-05
4.250000000000000000e+01 5.250000000000000000e+01 1.625000000000000000e+02 1.725000000000000000e+02 -2.117583387988312624e-03 6.235166775976625072e-05
4.250000000000000000e+01 5.250000000000000000e+01 1.725000000000000000e+02 1.825000000000000000e+02 -1.647718328470087340e-03 5.295436656940175372e-05
4.250000000000000000e+01 5.250000000000000000e+01 1.825000000000000000e+02 1.925000000000000000e+02 -1.309858639661447624e-03 4.619717279322895588e-05
4.250000000000000000e+01 5.250000000000000000e+01 1.925000000000000000e+02 2.025000000000000000e+02 -1.059700576066957382e-03 4.119401152133915240e-05
4.250000000000000000e+01 5.250000000000000000e+01 2.025000000000000000e+02 2.125000000000000000e+02 -8.700293255297225636e-04 3.740058651059445304e-05
5.250000000000000000e+01 6.250000000000000000e+01 7.250000000000000000e+01 8.250000000000000000e+01 -5.163320806910279837e-01 1.034664161382055879e-02
5.250000000000000000e+01 6.250000000000000000e+01 8.250000000000000000e+01 9.250000000000000000e+01 -1.347780564459252206e-01 2.715561128918504361e-03
5.250000000000000000e+01 6.250000000000000000e+01 9.250000000000000000e+01 1.025000000000000000e+02 -5.578333921346033397e-02 1.135666784269206671e-03
5.250000000000000000e+01 6.250000000000000000e+01 1.025000000000000000e+02 1.125000000000000000e+02 -2.839172861583579704e-02 5.878345723167160150e-04
5.250000000000000000e+01 6.250000000000000000e+01 1.125000000000000000e+02 1.225000000000000000e+02 -1.016420842373114836e-02 2.232841684746229773e-04
5.250000000000000000e+01 6.250000000000000000e+01 1.225000000000000000e+02 1.325000000000000000e+02 -7.257665522648587553e-03 1.651533104529717569e-04
5.250000000000000000e+01 6.250000000000000000e+01 1.325000000000000000e+02 1.425000000000000000e+02 -7.549565007282127427e-03 1.709913001456425555e-04
5.250000000000000000e+01 6.250000000000000000e+01 1.425000000000000000e+02 1.525000000000000000e+02 -5.157350297706315978e-03 1.231470059541263167e-04
5.250000000000000000e+01 6.250000000000000000e+01 1.525000000000000000e+02 1.625000000000000000e+02 -3.670157903404715899e-03 9.340315806809431243e-05
5.250000000000000000e+01 6.250000000000000000e+01 1.625000000000000000e+02 1.725000000000000000e+02 -2.713153391893700916e-03 7.426306783787402091e-05
5.250000000000000000e+01 6.250000000000000000e+01 1.725000000000000000e+02 1.825000000000000000e+02 -2.067866763123062807e-03 6.135733526246125492e-05
5.250000000000000000e+01 6.250000000000000000e+01 1.825000000000000000e+02 1.925000000000000000e+02 -1.615103040726970085e-03 5.230206081453940049e-05
5.250000000000000000e+01 6.250000000000000000e+01 1.925000000000000000e+02 2.025000000000000000e+02 -1.287009223843170111e-03 4.574018447686340399e-05
5.250000000000000000e+01 6.250000000000000000e+01 2.025000000000000000e+02 2.125000000000000000e+02 -1.042897494139918314e-03 4.085794988279837267e-05
5.250000000000000000e+01 6.250000000000000000e+01 2.125000000000000000e+02 2.225000000000000000e+02 -8.572258743173178513e-04 3.714451748634635853e-05
6.250000000000000000e+01 7.250000000000000000e+01 8.250000000000000000e+01 9.250000000000000000e+01 -5.167914306224211662e-01 1.035582861244842279e-02
6.250000000000000000e+01 7.250000000000000000e+01 9.250000000000000000e+01 1.025000000000000000e+02 -1.370574596789508326e-01 2.761149193579016600e-03
6.250000000000000000e+01 7.250000000000000000e+01 1.025000000000000000e+02 1.125000000000000000e+02 -5.612739598817770292e-02 1.142547919763554215e-03
6.250000000000000000e+01 7.250000000000000000e+01 1.125000000000000000e+02 1.225000000000000000e+02 -1.753829369880077066e-02 3.707658739760154244e-04
6.250000000000000000e+01 7.250000000000000000e+01 1.225000000000000000e+02 1.325000000000000000e+02 -1.132526862817182650e-02 2.465053725634365348e-04
6.250000000000000000e+01 7.250000000000000000e+01 1.325000000000000000e+02 1.425000000000000000e+02 -1.112162613946147960e-02 2.424325227892296032e-04
6.250000000000000000e+01 7.250000000000000000e+01 1.425000000000000000e+02 1.525000000000000000e+02 -7.283255793609957895e-03 1.656651158721991583e-04
6.250000000000000000e+01 7.250000000000000000e+01 1.525000000000000000e+02 1.625000000000000000e+02 -5.000359050035641656e-03 1.200071810007128357e-04
6.250000000000000000e+01 7.250000000000000000e+01 1.625000000000000000e+02 1.725000000000000000e+02 -3.586553868828317587e-03 9.173107737656635596e-05
6.250000000000000000e+01 7.250000000000000000e+01 1.725000000000000000e+02 1.825000000000000000e+02 -2.664977312329794637e-03 7.329954624659589316e-05
6.250000000000000000e+01 7.250000000000000000e+01 1.825000000000000000e+02 1.925000000000000000e+02 -2.037203607792978724e-03 6.074407215585957490e-05
6.250000000000000000e+01 7.250000000000000000e+01 1.925000000000000000e+02 2.025000000000000000e+02 -1.593848300631719311e-03 5.187696601263438935e-05
6.250000000000000000e+01 7.250000000000000000e+01 2.025000000000000000e+02 2.125000000000000000e+02 -1.271289608915874420e-03 4.542579217831749070e-05
6.250000000000000000e+01 7.250000000000000000e+01 2.125000000000000000e+02 2.225000000000000000e+02 -1.030712001727334889e-03 4.061424003454669712e-05
7.250000000000000000e+01 8.250000000000000000e+01 9.250000000000000000e+01 1.025000000000000000e+02 -5.223146841174308719e-01 1.046629368234861662e-02
7.250000000000000000e+01 8.250000000000000000e+01 1.025000000000000000e+02 1.125000000000000000e+02 -1.394374996487351970e-01 2.808749992974703905e-03
7.250000000000000000e+01 8.250000000000000000e+01 1.125000000000000000e+02 1.225000000000000000e+02 -3.484214390430699637e-02 7.168428780861400189e-04
7.250000000000000000e+01 8.250000000000000000e+01 1.225000000000000000e+02 1.325000000000000000e+02 -1.938430911495747644e-02 4.076861822991495574e-04
7.250000000000000000e+01 8.250000000000000000e+01 1.325000000000000000e+02 1.425000000000000000e+02 -1.755109154354861367e-02 3.710218308709722543e-04
7.250000000000000000e+01 8.250000000000000000e+01 1.425000000000000000e+02 1.525000000000000000e+02 -1.087896910163032443e-02 2.375793820326065010e-04
7.250000000000000000e+01 8.250000000000000000e+01 1.525000000000000000e+02 1.625000000000000000e+02 -7.142181238271642918e-03 1.628436247654328555e-04
7.250000000000000000e+01 8.250000000000000000e+01 1.625000000000000000e+02 1.725000000000000000e+02 -4.937826896899127210e-03 1.187565379379825425e-04
7.250000000000000000e+01 8.250000000000000000e+01 1.725000000000000000e+02 1.825000000000000000e+02 -3.558936945959691178e-03 9.117873891919381748e-05
7.250000000000000000e+01 8.250000000000000000e+01 1.825000000000000000e+02 1.925000000000000000e+02 -2.652082123631738578e-03 7.304164247263477956e-05
7.250000000000000000e+01 8.250000000000000000e+01 1.925000000000000000e+02 2.025000000000000000e+02 -2.030625120516991663e-03 6.061250241033983423e-05
7.250000000000000000e+01 8.250000000000000000e+01 2.025000000000000000e+02 2.125000000000000000e+02 -1.590067618130646190e-03 5.180135236261292477e-05
7.250000000000000000e+01 8.250000000000000000e+01 2.125000000000000000e+02 2.225000000000000000e+02 -1.268792459137023029e-03 4.537584918274046100e-05
8.250000000000000000e+01 9.250000000000000000e+01 1.025000000000000000e+02 1.125000000000000000e+02 -5.341149235398635620e-01 1.070229847079726994e-02
8.250000000000000000e+01 9.250000000000000000e+01 1.125000000000000000e+02 1.225000000000000000e+02 -8.704265463710922357e-02 1.760853092742184533e-03
8.250000000000000000e+01 9.250000000000000000e+01 1.225000000000000000e+02 1.325000000000000000e+02 -3.782687993315199393e-02 7.765375986630399267e-04
8.250000000000000000e+01 9.250000000000000000e+01 1.325000000000000000e+02 1.425000000000000000e+02 -3.024844581619831607e-02 6.249689163239664086e-04
8.250000000000000000e+01 9.250000000000000000e+01 1.425000000000000000e+02 1.525000000000000000e+02 -1.739793385343732512e-02 3.679586770687464899e-04
8.250000000000000000e+01 9.250000000000000000e+01 1.525000000000000000e+02 1.625000000000000000e+02 -1.078989462229196228e-02 2.357978924458392536e-04
8.250000000000000000e+01 9.250000000000000000e+01 1.625000000000000000e+02 1.725000000000000000e+02 -7.131360427501037824e-03 1.626272085500207450e-04
8.250000000000000000e+01 9.250000000000000000e+01 1.725000000000000000e+02 1.825000000000000000e+02 -4.956283026787716706e-03 1.191256605357543302e-04
8.250000000000000000e+01 9.250000000000000000e+01 1.825000000000000000e+02 1.925000000000000000e+02 -3.584476204392797460e-03 9.168952408785595396e-05
8.250000000000000000e+01 9.250000000000000000e+01 1.925000000000000000e+02 2.025000000000000000e+02 -2.676787728607766051e-03 7.353575457215532198e-05
8.250000000000000000e+01 9.250000000000000000e+01 2.025000000000000000e+02 2.125000000000000000e+02 -2.052168226346089488e-03 6.104336452692179561e-05
8.250000000000000000e+01 9.250000000000000000e+01 2.125000000000000000e+02 2.225000000000000000e+02 -1.608129502391513616e-03 5.216259004783027706e-05
9.250000000000000000e+01 1.025000000000000000e+02 1.125000000000000000e+02 1.225000000000000000e+02 -3.378036413534007965e-01 6.776072827068015808e-03
9.250000000000000000e+01 1.025000000000000000e+02 1.225000000000000000e+02 1.325000000000000000e+02 -9.143465360827177091e-02 1.848693072165435514e-03
9.250000000000000000e+01 1.025000000000000000e+02 1.325000000000000000e+02 1.425000000000000000e+02 -5.877593123615980353e-02 1.195518624723196149e-03
9.250000000000000000e+01 1.025000000000000000e+02 1.425000000000000000e+02 1.525000000000000000e+02 -3.026322814683062024e-02 6.252645629366125222e-04
9.250000000000000000e+01 1.025000000000000000e+02 1.525000000000000000e+02 1.625000000000000000e+02 -1.740395458467999812e-02 3.680790916935999758e-04
9.250000000000000000e+01 1.025000000000000000e+02 1.625000000000000000e+02 1.725000000000000000e+02 -1.087667467481105016e-02 2.375334934962209971e-04
9.250000000000000000e+01 1.025000000000000000e+02 1.725000000000000000e+02 1.825000000000000000e+02 -7.238154353929878576e-03 1.647630870785975687e-04
9.250000000000000000e+01 1.025000000000000000e+02 1.825000000000000000e+02 1.925000000000000000e+02 -5.056173509715215092e-03 1.211234701943043077e-04
9.250000000000000000e+01 1.025000000000000000e+02 1.925000000000000000e+02 2.025000000000000000e+02 -3.670070941742639703e-03 9.340141883485279556e-05
9.250000000000000000e+01 1.025000000000000000e+02 2.025000000000000000e+02 2.125000000000000000e+02 -2.747852436809295612e-03 7.495704873618591157e-05
9.250000000000000000e+01 1.025000000000000000e+02 2.125000000000000000e+02 2.225000000000000000e+02 -2.110593495069559150e-03 6.221186990139118667e-05
1.025000000000000000e+02 1.125000000000000000e+02 1.225000000000000000e+02 1.325000000000000000e+02 -2.798953258150593815e-01 5.617906516301188202e-03
1.025000000000000000e+02 1.125000000000000000e+02 1.325000000000000000e+02 1.425000000000000000e+02 -1.157560495360563935e-01 2.335120990721127957e-03
1.025000000000000000e+02 1.125000000000000000e+02 1.425000000000000000e+02 1.525000000000000000e+02 -4.951049581672839484e-02 1.010209916334567880e-03
1.025000000000000000e+02 1.125000000000000000e+02 1.525000000000000000e+02 1.625000000000000000e+02 -2.561913841643543438e-02 5.323827683287087878e-04
1.025000000000000000e+02 1.125000000000000000e+02 1.625000000000000000e+02 1.725000000000000000e+02 -1.492940916848963656e-02 3.185881833697927316e-04
1.025000000000000000e+02 1.125000000000000000e+02 1.725000000000000000e+02 1.825000000000000000e+02 -9.447262178480724665e-03 2.089452435696144959e-04
1.025000000000000000e+02 1.125000000000000000e+02 1.825000000000000000e+02 1.925000000000000000e+02 -6.351760429259445395e-03 1.470352085851889202e-04
1.025000000000000000e+02 1.125000000000000000e+02 1.925000000000000000e+02 2.025000000000000000e+02 -4.473633792893536715e-03 1.094726758578707385e-04
1.025000000000000000e+02 1.125000000000000000e+02 2.025000000000000000e+02 2.125000000000000000e+02 -3.268731472166906682e-03 8.537462944333813568e-05
1.025000000000000000e+02 1.125000000000000000e+02 2.125000000000000000e+02 2.225000000000000000e+02 -2.460473143845391675e-03 6.920946287690783120e-05
1.125000000000000000e+02 1.225000000000000000e+02 1.325000000000000000e+02 1.425000000000000000e+02 -3.322496897712082231e-01 6.664993795424165035e-03
1.125000000000000000e+02 1.225000000000000000e+02 1.425000000000000000e+02 1.525000000000000000e+02 -8.590753677636300822e-02 1.738150735527260347e-03
1.125000000000000000e+02 1.225000000000000000e+02 1.525000000000000000e+02 1.625000000000000000e+02 -3.443399008773898734e-02 7.086798017547797906e-04
1.125000000000000000e+02 1.225000000000000000e+02 1.625000000000000000e+02 1.725000000000000000e+02 -1.726175533340081752e-02 3.652351066680163748e-04
1.125000000000000000e+02 1.225000000000000000e+02 1.725000000000000000e+02 1.825000000000000000e+02 -9.885768272673584739e-03 2.177153654534717093e-04
1.125000000000000000e+02 1.225000000000000000e+02 1.825000000000000000e+02 1.925000000000000000e+02 -6.189390784059379397e-03 1.437878156811875894e-04
1.125000000000000000e+02 1.225000000000000000e+02 1.925000000000000000e+02 2.025000000000000000e+02 -4.131945822754062511e-03 1.026389164550812458e-04
1.125000000000000000e+02 1.225000000000000000e+02 2.025000000000000000e+02 2.125000000000000000e+02 -2.895546559714841026e-03 7.791093119429681984e-05
1.125000000000000000e+02 1.225000000000000000e+02 2.125000000000000000e+02 2.225000000000000000e+02 -2.107704036456641700e-03 6.215408072913283929e-05
1.225000000000000000e+02 1.325000000000000000e+02 1.425000000000000000e+02 1.525000000000000000e+02 -4.544257807084858269e-01 9.108515614169716140e-03
1.225000000000000000e+02 1.325000000000000000e+02 1.525000000000000000e+02 1.625000000000000000e+02 -1.133723937381087010e-01 2.287447874762174333e-03
1.225000000000000000e+02 1.325000000000000000e+02 1.625000000000000000e+02 1.725000000000000000e+02 -4.434733760463541175e-02 9.069467520927082613e-04
1.225000000000000000e+02 1.325000000000000000e+02 1.725000000000000000e+02 1.825000000000000000e+02 -2.188200646146949702e-02 4.576401292293899277e-04
1.225000000000000000e+02 1.325000000000000000e+02 1.825000000000000000e+02 1.925000000000000000e+02 -1.239620555748008682e-02 2.679241111496017346e-04
1.225000000000000000e+02 1.325000000000000000e+02 1.925000000000000000e+02 2.025000000000000000e+02 -7.700204644567120588e-03 1.740040928913424143e-04
1.225000000000000000e+02 1.325000000000000000e+02 2.025000000000000000e+02 2.125000000000000000e+02 -5.109955909663670137e-03 1.221991181932734194e-04
1.225000000000000000e+02 1.325000000000000000e+02 2.125000000000000000e+02 2.225000000000000000e+02 -3.564182374433405229e-03 9.128364748866810987e-05
1.325000000000000000e+02 1.425000000000000000e+02 1.525000000000000000e+02 1.625000000000000000e+02 -5.345485174643679338e-01 1.071097034928735793e-02
1.325000000000000000e+02 1.425000000000000000e+02 1.625000000000000000e+02 1.725000000000000000e+02 -1.412218467409070144e-01 2.844436934818140531e-03
1.325000000000000000e+02 1.425000000000000000e+02 1.725000000000000000e+02 1.825000000000000000e+02 -5.724578264393870297e-02 1.164915652878774138e-03
1.325000000000000000e+02 1.425000000000000000e+02 1.825000000000000000e+02 1.925000000000000000e+02 -2.889676672663991919e-02 5.979353345327984492e-04
1.325000000000000000e+02 1.425000000000000000e+02 1.925000000000000000e+02 2.025000000000000000e+02 -1.662841484849646861e-02 3.525682969699293770e-04
1.325000000000000000e+02 1.425000000000000000e+02 2.025000000000000000e+02 2.125000000000000000e+02 -1.044738390605249451e-02 2.289476781210498884e-04
1.325000000000000000e+02 1.425000000000000000e+02 2.125000000000000000e+02 2.225000000000000000e+02 -6.992994509641553558e-03 1.598598901928310857e-04
1.425000000000000000e+02 1.525000000000000000e+02 1.625000000000000000e+02 1.725000000000000000e+02 -5.177128573560583202e-01 1.037425714712116552e-02
1.425000000000000000e+02 1.525000000000000000e+02 1.725000000000000000e+02 1.825000000000000000e+02 -1.346377924291840555e-01 2.712755848583681042e-03
1.425000000000000000e+02 1.525000000000000000e+02 1.825000000000000000e+02 1.925000000000000000e+02 -5.408999229501421091e-02 1.101799845900284375e-03
1.425000000000000000e+02 1.525000000000000000e+02 1.925000000000000000e+02 2.025000000000000000e+02 -2.716876094651912016e-02 5.633752189303824686e-04
1.425000000000000000e+02 1.525000000000000000e+02 2.025000000000000000e+02 2.125000000000000000e+02 -1.558920378958566361e-02 3.317840757917132986e-04
1.425000000000000000e+02 1.525000000000000000e+02 2.125000000000000000e+02 2.225000000000000000e+02 -9.777458732075177544e-03 2.155491746415035621e-04
1.525000000000000000e+02 1.625000000000000000e+02 1.725000000000000000e+02 1.825000000000000000e+02 -5.153449917227056476e-01 1.032689983445411221e-02
1.525000000000000000e+02 1.625000000000000000e+02 1.825000000000000000e+02 1.925000000000000000e+02 -1.334253460689431015e-01 2.688506921378862324e-03
1.525000000000000000e+02 1.625000000000000000e+02 1.925000000000000000e+02 2.025000000000000000e+02 -5.339757257530289292e-02 1.087951451506057998e-03
1.525000000000000000e+02 1.625000000000000000e+02 2.025000000000000000e+02 2.125000000000000000e+02 -2.673999242169244894e-02 5.547998484338490270e-04
1.525000000000000000e+02 1.625000000000000000e+02 2.125000000000000000e+02 2.225000000000000000e+02 -1.530671526504676083e-02 3.261343053009351997e-04
1.625000000000000000e+02 1.725000000000000000e+02 1.825000000000000000e+02 1.925000000000000000e+02 -5.148193791273534270e-01 1.031638758254706766e-02
1.625000000000000000e+02 1.725000000000000000e+02 1.925000000000000000e+02 2.025000000000000000e+02 -1.331180448954680795e-01 2.682360897909361833e-03
1.625000000000000000e+02 1.725000000000000000e+02 2.025000000000000000e+02 2.125000000000000000e+02 -5.320402411105776275e-02 1.084080482221155438e-03
1.625000000000000000e+02 1.725000000000000000e+02 2.125000000000000000e+02 2.225000000000000000e+02 -2.661073450000603358e-02 5.522146900001207153e-04
1.725000000000000000e+02 1.825000000000000000e+02 1.925000000000000000e+02 2.025000000000000000e+02 -5.146654758741872060e-01 1.031330951748374303e-02
1.725000000000000000e+02 1.825000000000000000e+02 2.025000000000000000e+02 2.125000000000000000e+02 -1.330199018776948017e-01 2.680398037553896259e-03
1.725000000000000000e+02 1.825000000000000000e+02 2.125000000000000000e+02 2.225000000000000000e+02 -5.313769376383069287e-02 1.082753875276613875e-03
1.825000000000000000e+02 1.925000000000000000e+02 2.025000000000000000e+02 2.125000000000000000e+02 -5.146101480884506252e-01 1.031220296176901113e-02
1.825000000000000000e+02 1.925000000000000000e+02 2.125000000000000000e+02 2.225000000000000000e+02 -1.329819365147313914e-01 2.679638730294627968e-03
1.925000000000000000e+02 2.025000000000000000e+02 2.125000000000000000e+02 2.225000000000000000e+02 -5.145861024303313158e-01 1.031172204860662626e-02
