! SIMPLE FORMAT
-2.275000000000000000e+02 -2.175000000000000000e+02 -2.075000000000000000e+02 -1.975000000000000000e+02 -5.146764143437922989e-01 1.039352828687584510e-02
-2.275000000000000000e+02 -2.175000000000000000e+02 -1.975000000000000000e+02 -1.875000000000000000e+02 -1.331334922240411112e-01 2.762669844480822225e-03
-2.275000000000000000e+02 -2.175000000000000000e+02 -1.875000000000000000e+02 -1.775000000000000000e+02 -5.341284365748281970e-02 1.168256873149656422e-03
-2.275000000000000000e+02 -2.175000000000000000e+02 -1.775000000000000000e+02 -1.675000000000000000e+02 -2.716197194255518671e-02 6.432394388511037710e-04
-2.275000000000000000e+02 -2.175000000000000000e+02 -1.675000000000000000e+02 -1.575000000000000000e+02 -1.652992342830798128e-02 4.305984685661596407e-04
-2.275000000000000000e+02 -2.175000000000000000e+02 -1.575000000000000000e+02 -1.475000000000000000e+02 -1.029767969285217202e-02 3.059535938570434317e-04
-2.275000000000000000e+02 -2.175000000000000000e+02 -1.475000000000000000e+02 -1.375000000000000000e+02 -2.462462075014517499e-03 1.492492415002903672e-04
-2.275000000000000000e+02 -2.175000000000000000e+02 -1.375000000000000000e+02 -1.275000000000000000e+02 -2.475305505587336447e-03 1.495061101117467484e-04
-2.275000000000000000e+02 -2.175000000000000000e+02 -1.275000000000000000e+02 -1.175000000000000000e+02 -3.990956129095540178e-03 1.798191225819108295e-04
-2.275000000000000000e+02 -2.175000000000000000e+02 -1.175000000000000000e+02 -1.075000000000000000e+02 -2.839148960283567613e-03 1.567829792056713587e-04
-2.275000000000000000e+02 -2.175000000000000000e+02 -1.075000000000000000e+02 -9.750000000000000000e+01 -2.057539529858983668e-03 1.411507905971796711e-04
-2.275000000000000000e+02 -2.175000000000000000e+02 -9.750000000000000000e+01 -8.750000000000000000e+01 -1.495398290728979299e-03 1.299079658145795859e-04
-2.275000000000000000e+02 -2.175000000000000000e+02 -8.750000000000000000e+01 -7.750000000000000000e+01 -9.989514800582775106e-04 1.199790296011655512e-04
-2.275000000000000000e+02 -2.175000000000000000e+02 -7.750000000000000000e+01 -6.750000000000000000e+01 -8.987448986302977103e-04 1.179748979726059606e-04
-2.275000000000000000e+02 -2.175000000000000000e+02 -6.750000000000000000e+01 -5.750000000000000000e+01 -1.740003352838330117e-03 1.348000670567666033e-04
-2.175000000000000000e+02 -2.075000000000000000e+02 -1.975000000000000000e+02 -1.875000000000000000e+02 -5.148380563070905636e-01 1.039676112614181143e-02
-2.175000000000000000e+02 -2.075000000000000000e+02 -1.875000000000000000e+02 -1.775000000000000000e+02 -1.334361234487316250e-01 2.768722468974632502e-03
-2.175000000000000000e+02 -2.075000000000000000e+02 -1.775000000000000000e+02 -1.675000000000000000e+02 -5.404689782770227824e-02 1.180937956554045567e-03
-2.175000000000000000e+02 -2.075000000000000000e+02 -1.675000000000000000e+02 -1.575000000000000000e+02 -2.864504871425076205e-02 6.729009742850153341e-04
-2.175000000000000000e+02 -2.075000000000000000e+02 -1.575000000000000000e+02 -1.475000000000000000e+02 -1.650389773319532738e-02 4.300779546639065302e-04
-2.175000000000000000e+02 -2.075000000000000000e+02 -1.475000000000000000e+02 -1.375000000000000000e+02 -3.692555917562630186e-03 1.738511183512526123e-04
-2.175000000000000000e+02 -2.075000000000000000e+02 -1.375000000000000000e+02 -1.275000000000000000e+02 -3.493586188444142149e-03 1.698717237688828667e-04
-2.175000000000000000e+02 -2.075000000000000000e+02 -1.275000000000000000e+02 -1.175000000000000000e+02 -5.480875117621960418e-03 2.096175023524392105e-04
-2.175000000000000000e+02 -2.075000000000000000e+02 -1.175000000000000000e+02 -1.075000000000000000e+02 -3.811921340389632512e-03 1.762384268077926697e-04
-2.175000000000000000e+02 -2.075000000000000000e+02 -1.075000000000000000e+02 -9.750000000000000000e+01 -2.703295815325551521e-03 1.540659163065110238e-04
-2.175000000000000000e+02 -2.075000000000000000e+02 -9.750000000000000000e+01 -8.750000000000000000e+01 -1.927766794008134443e-03 1.385553358801626899e-04
-2.175000000000000000e+02 -2.075000000000000000e+02 -8.750000000000000000e+01 -7.750000000000000000e+01 -1.267887004156351138e-03 1.253577400831270379e-04
-2.175000000000000000e+02 -2.075000000000000000e+02 -7.750000000000000000e+01 -6.750000000000000000e+01 -1.114723488918393374e-03 1.222944697783678771e-04
-2.175000000000000000e+02 -2.075000000000000000e+02 -6.750000000000000000e+01 -5.750000000000000000e+01 -2.128597781635385190e-03 1.425719556327077059e-04
-2.175000000000000000e+02 -2.075000000000000000e+02 -5.750000000000000000e+01 -4.750000000000000000e+01 -1.495015809776783534e-03 1.299003161955356695e-04
-2.075000000000000000e+02 -1.975000000000000000e+02 -1.875000000000000000e+02 -1.775000000000000000e+02 -5.153328962037602157e-01 1.040665792407520322e-02
-2.075000000000000000e+02 -1.975000000000000000e+02 -1.775000000000000000e+02 -1.675000000000000000e+02 -1.344907295308272188e-01 2.789814590616544222e-03
-2.075000000000000000e+02 -1.975000000000000000e+02 -1.675000000000000000e+02 -1.575000000000000000e+02 -5.658160668084769029e-02 1.231632133616953955e-03
-2.075000000000000000e+02 -1.975000000000000000e+02 -1.575000000000000000e+02 -1.475000000000000000e+02 -2.891767391967093453e-02 6.783534783934187665e-04
-2.075000000000000000e+02 -1.975000000000000000e+02 -1.475000000000000000e+02 -1.375000000000000000e+02 -5.904972374749406505e-03 2.180994474949881409e-04
-2.075000000000000000e+02 -1.975000000000000000e+02 -1.375000000000000000e+02 -1.275000000000000000e+02 -5.155817604237410146e-03 2.031163520847482223e-04
-2.075000000000000000e+02 -1.975000000000000000e+02 -1.275000000000000000e+02 -1.175000000000000000e+02 -7.806000059814438563e-03 2.561200011962887625e-04
-2.075000000000000000e+02 -1.975000000000000000e+02 -1.175000000000000000e+02 -1.075000000000000000e+02 -5.281752016175457476e-03 2.056350403235091451e-04
-2.075000000000000000e+02 -1.975000000000000000e+02 -1.075000000000000000e+02 -9.750000000000000000e+01 -3.650629146821557369e-03 1.730125829364311712e-04
-2.075000000000000000e+02 -1.975000000000000000e+02 -9.750000000000000000e+01 -8.750000000000000000e+01 -2.546097419087775537e-03 1.509219483817555204e-04
-2.075000000000000000e+02 -1.975000000000000000e+02 -8.750000000000000000e+01 -7.750000000000000000e+01 -1.644634446532072455e-03 1.328926889306414447e-04
-2.075000000000000000e+02 -1.975000000000000000e+02 -7.750000000000000000e+01 -6.750000000000000000e+01 -1.408579842148106540e-03 1.281715968429621275e-04
-2.075000000000000000e+02 -1.975000000000000000e+02 -6.750000000000000000e+01 -5.750000000000000000e+01 -2.647623158407858002e-03 1.529524631681571567e-04
-2.075000000000000000e+02 -1.975000000000000000e+02 -5.750000000000000000e+01 -4.750000000000000000e+01 -1.835994397809650319e-03 1.367198879561930204e-04
-2.075000000000000000e+02 -1.975000000000000000e+02 -4.750000000000000000e+01 -3.750000000000000000e+01 -4.357631431254789522e-04 1.087152628625095828e-04
-1.975000000000000000e+02 -1.875000000000000000e+02 -1.775000000000000000e+02 -1.675000000000000000e+02 -5.172489758335441223e-01 1.044497951667088149e-02
-1.975000000000000000e+02 -1.875000000000000000e+02 -1.675000000000000000e+02 -1.575000000000000000e+02 -1.392822921676704073e-01 2.885645843353407992e-03
-1.975000000000000000e+02 -1.875000000000000000e+02 -1.575000000000000000e+02 -1.475000000000000000e+02 -5.784520967797796703e-02 1.256904193559559317e-03
-1.975000000000000000e+02 -1.875000000000000000e+02 -1.475000000000000000e+02 -1.375000000000000000e+02 -1.032669467613851755e-02 3.065338935227703682e-04
-1.975000000000000000e+02 -1.875000000000000000e+02 -1.375000000000000000e+02 -1.275000000000000000e+02 -8.064448973603817461e-03 2.612889794720763448e-04
-1.975000000000000000e+02 -1.875000000000000000e+02 -1.275000000000000000e+02 -1.175000000000000000e+02 -1.163278544490985167e-02 3.326557088981970398e-04
-1.975000000000000000e+02 -1.875000000000000000e+02 -1.175000000000000000e+02 -1.075000000000000000e+02 -7.605897938867886565e-03 2.521179587773577442e-04
-1.975000000000000000e+02 -1.875000000000000000e+02 -1.075000000000000000e+02 -9.750000000000000000e+01 -5.097157051126698091e-03 2.019431410225339834e-04
-1.975000000000000000e+02 -1.875000000000000000e+02 -9.750000000000000000e+01 -8.750000000000000000e+01 -3.462908668030714732e-03 1.692581733606143141e-04
-1.975000000000000000e+02 -1.875000000000000000e+02 -8.750000000000000000e+01 -7.750000000000000000e+01 -2.190343918687149768e-03 1.438068783737430018e-04
-1.975000000000000000e+02 -1.875000000000000000e+02 -7.750000000000000000e+01 -6.750000000000000000e+01 -1.820812774989001570e-03 1.364162554997800411e-04
-1.975000000000000000e+02 -1.875000000000000000e+02 -6.750000000000000000e+01 -5.750000000000000000e+01 -3.361058957817183307e-03 1.672211791563436812e-04
-1.975000000000000000e+02 -1.875000000000000000e+02 -5.750000000000000000e+01 -4.750000000000000000e+01 -2.297060343608604317e-03 1.459412068721720798e-04
-1.975000000000000000e+02 -1.875000000000000000e+02 -4.750000000000000000e+01 -3.750000000000000000e+01 -5.326681389681469161e-04 1.106533627793629458e-04
-1.975000000000000000e+02 -1.875000000000000000e+02 -3.750000000000000000e+01 -2.750000000000000000e+01 -6.112558899480161068e-04 1.122251177989603280e-04
-1.875000000000000000e+02 -1.775000000000000000e+02 -1.675000000000000000e+02 -1.575000000000000000e+02 -5.276896738782482776e-01 1.065379347756496495e-02
-1.875000000000000000e+02 -1.775000000000000000e+02 -1.575000000000000000e+02 -1.475000000000000000e+02 -1.442019355499595257e-01 2.984038710999190568e-03
-1.875000000000000000e+02 -1.775000000000000000e+02 -1.475000000000000000e+02 -1.375000000000000000e+02 -2.064585736538851468e-02 5.129171473077703608e-04
-1.875000000000000000e+02 -1.775000000000000000e+02 -1.375000000000000000e+02 -1.275000000000000000e+02 -1.365363977488842639e-02 3.730727954977685235e-04
-1.875000000000000000e+02 -1.775000000000000000e+02 -1.275000000000000000e+02 -1.175000000000000000e+02 -1.836028719153318806e-02 4.672057438306637805e-04
-1.875000000000000000e+02 -1.775000000000000000e+02 -1.175000000000000000e+02 -1.075000000000000000e+02 -1.148634113059592010e-02 3.297268226119184366e-04
-1.875000000000000000e+02 -1.775000000000000000e+02 -1.075000000000000000e+02 -9.750000000000000000e+01 -7.412898143368647913e-03 2.482579628673729560e-04
-1.875000000000000000e+02 -1.775000000000000000e+02 -9.750000000000000000e+01 -8.750000000000000000e+01 -4.881569996293820546e-03 1.976313999258764108e-04
-1.875000000000000000e+02 -1.775000000000000000e+02 -8.750000000000000000e+01 -7.750000000000000000e+01 -3.012864793615517567e-03 1.602572958723103426e-04
-1.875000000000000000e+02 -1.775000000000000000e+02 -7.750000000000000000e+01 -6.750000000000000000e+01 -2.421090581712533052e-03 1.484218116342506740e-04
-1.875000000000000000e+02 -1.775000000000000000e+02 -6.750000000000000000e+01 -5.750000000000000000e+01 -4.377424101930023001e-03 1.875484820386004697e-04
-1.875000000000000000e+02 -1.775000000000000000e+02 -5.750000000000000000e+01 -4.750000000000000000e+01 -2.942567933409346442e-03 1.588513586681869483e-04
-1.875000000000000000e+02 -1.775000000000000000e+02 -4.750000000000000000e+01 -3.750000000000000000e+01 -6.645012561998855927e-04 1.132900251239977118e-04
-1.875000000000000000e+02 -1.775000000000000000e+02 -3.750000000000000000e+01 -2.750000000000000000e+01 -7.548280246313507011e-04 1.150965604926270259e-04
-1.875000000000000000e+02 -1.775000000000000000e+02 -2.750000000000000000e+01 -1.750000000000000000e+01 -6.129791131117157815e-04 1.122595822622343150e-04
-1.775000000000000000e+02 -1.675000000000000000e+02 -1.575000000000000000e+02 -1.475000000000000000e+02 -5.498171164311711490e-01 1.109634232862342224e-02
-1.775000000000000000e+02 -1.675000000000000000e+02 -1.475000000000000000e+02 -1.375000000000000000e+02 -5.169427159054230947e-02 1.133885431810846252e-03
-1.775000000000000000e+02 -1.675000000000000000e+02 -1.375000000000000000e+02 -1.275000000000000000e+02 -2.595089145767959238e-02 6.190178291535919494e-04
-1.775000000000000000e+02 -1.675000000000000000e+02 -1.275000000000000000e+02 -1.175000000000000000e+02 -3.119954051810533424e-02 7.239908103621067216e-04
-1.775000000000000000e+02 -1.675000000000000000e+02 -1.175000000000000000e+02 -1.075000000000000000e+02 -1.838612464471350155e-02 4.677224928942700548e-04
-1.775000000000000000e+02 -1.675000000000000000e+02 -1.075000000000000000e+02 -9.750000000000000000e+01 -1.132151674722864376e-02 3.264303349445728947e-04
-1.775000000000000000e+02 -1.675000000000000000e+02 -9.750000000000000000e+01 -8.750000000000000000e+01 -7.183239691124481546e-03 2.436647938224896655e-04
-1.775000000000000000e+02 -1.675000000000000000e+02 -8.750000000000000000e+01 -7.750000000000000000e+01 -4.308943312437269607e-03 1.861788662487454018e-04
-1.775000000000000000e+02 -1.675000000000000000e+02 -7.750000000000000000e+01 -6.750000000000000000e+01 -3.333597045056375940e-03 1.666719409011275361e-04
-1.775000000000000000e+02 -1.675000000000000000e+02 -6.750000000000000000e+01 -5.750000000000000000e+01 -5.887998130610626671e-03 2.177599626122125290e-04
-1.775000000000000000e+02 -1.675000000000000000e+02 -5.750000000000000000e+01 -4.750000000000000000e+01 -3.885381560214281466e-03 1.777076312042856552e-04
-1.775000000000000000e+02 -1.675000000000000000e+02 -4.750000000000000000e+01 -3.750000000000000000e+01 -8.517095297613623550e-04 1.170341905952272546e-04
-1.775000000000000000e+02 -1.675000000000000000e+02 -3.750000000000000000e+01 -2.750000000000000000e+01 -9.564674949388103295e-04 1.191293498987762168e-04
-1.775000000000000000e+02 -1.675000000000000000e+02 -2.750000000000000000e+01 -1.750000000000000000e+01 -7.710015204396864635e-04 1.154200304087937314e-04
-1.775000000000000000e+02 -1.675000000000000000e+02 -1.750000000000000000e+01 -7.500000000000000000e+00 -5.252676945069279305e-04 1.105053538901385612e-04
-1.675000000000000000e+02 -1.575000000000000000e+02 -1.475000000000000000e+02 -1.375000000000000000e+02 -2.008823001432049060e-01 4.117646002864098695e-03
-1.675000000000000000e+02 -1.575000000000000000e+02 -1.375000000000000000e+02 -1.275000000000000000e+02 -5.976333962994534454e-02 1.295266792598906858e-03
-1.675000000000000000e+02 -1.575000000000000000e+02 -1.275000000000000000e+02 -1.175000000000000000e+02 -5.829001414516904456e-02 1.265800282903380928e-03
-1.675000000000000000e+02 -1.575000000000000000e+02 -1.175000000000000000e+02 -1.075000000000000000e+02 -3.143186735449958469e-02 7.286373470899917002e-04
-1.675000000000000000e+02 -1.575000000000000000e+02 -1.075000000000000000e+02 -9.750000000000000000e+01 -1.821625380642453995e-02 4.643250761284907968e-04
-1.675000000000000000e+02 -1.575000000000000000e+02 -9.750000000000000000e+01 -8.750000000000000000e+01 -1.105485525658833623e-02 3.210971051317667419e-04
-1.675000000000000000e+02 -1.575000000000000000e+02 -8.750000000000000000e+01 -7.750000000000000000e+01 -6.419328479285973943e-03 2.283865695857194831e-04
-1.675000000000000000e+02 -1.575000000000000000e+02 -7.750000000000000000e+01 -6.750000000000000000e+01 -4.766695552093427879e-03 1.953339110418685813e-04
-1.675000000000000000e+02 -1.575000000000000000e+02 -6.750000000000000000e+01 -5.750000000000000000e+01 -8.209186308402977028e-03 2.641837261680595231e-04
-1.675000000000000000e+02 -1.575000000000000000e+02 -5.750000000000000000e+01 -4.750000000000000000e+01 -5.311292725910759030e-03 2.062258545182151783e-04
-1.675000000000000000e+02 -1.575000000000000000e+02 -4.750000000000000000e+01 -3.750000000000000000e+01 -1.128019896892243704e-03 1.225603979378448859e-04
-1.675000000000000000e+02 -1.575000000000000000e+02 -3.750000000000000000e+01 -2.750000000000000000e+01 -1.251350970894972089e-03 1.250270194178994384e-04
-1.675000000000000000e+02 -1.575000000000000000e+02 -2.750000000000000000e+01 -1.750000000000000000e+01 -1.000968309872778128e-03 1.200193661974555690e-04
-1.675000000000000000e+02 -1.575000000000000000e+02 -1.750000000000000000e+01 -7.500000000000000000e+00 -6.762126840662305641e-04 1.135242536813246101e-04
-1.675000000000000000e+02 -1.575000000000000000e+02 -7.500000000000000000e+00 2.500000000000000000e+00 -4.670893802982039114e-04 1.093417876059640857e-04
-1.575000000000000000e+02 -1.475000000000000000e+02 -1.375000000000000000e+02 -1.275000000000000000e+02 -1.531819813289774235e-01 3.163639626579548437e-03
-1.575000000000000000e+02 -1.475000000000000000e+02 -1.275000000000000000e+02 -1.175000000000000000e+02 -9.541613521178973767e-02 2.008322704235794565e-03
-1.575000000000000000e+02 -1.475000000000000000e+02 -1.175000000000000000e+02 -1.075000000000000000e+02 -4.423826068944310130e-02 9.847652137888621236e-04
-1.575000000000000000e+02 -1.475000000000000000e+02 -1.075000000000000000e+02 -9.750000000000000000e+01 -2.363283442948924118e-02 5.726566885897848560e-04
-1.575000000000000000e+02 -1.475000000000000000e+02 -9.750000000000000000e+01 -8.750000000000000000e+01 -1.361822093576313397e-02 3.723644187152626859e-04
-1.575000000000000000e+02 -1.475000000000000000e+02 -8.750000000000000000e+01 -7.750000000000000000e+01 -7.639627302373407092e-03 2.527925460474681483e-04
-1.575000000000000000e+02 -1.475000000000000000e+02 -7.750000000000000000e+01 -6.750000000000000000e+01 -5.452748144527109347e-03 2.090549628905421966e-04
-1.575000000000000000e+02 -1.475000000000000000e+02 -6.750000000000000000e+01 -5.750000000000000000e+01 -9.170179348779106815e-03 2.834035869755821232e-04
-1.575000000000000000e+02 -1.475000000000000000e+02 -5.750000000000000000e+01 -4.750000000000000000e+01 -5.828503128066252550e-03 2.165700625613250661e-04
-1.575000000000000000e+02 -1.475000000000000000e+02 -4.750000000000000000e+01 -3.750000000000000000e+01 -1.203499096975728030e-03 1.240699819395145703e-04
-1.575000000000000000e+02 -1.475000000000000000e+02 -3.750000000000000000e+01 -2.750000000000000000e+01 -1.320628682563261894e-03 1.264125736512652519e-04
-1.575000000000000000e+02 -1.475000000000000000e+02 -2.750000000000000000e+01 -1.750000000000000000e+01 -1.049436379051532295e-03 1.209887275810306491e-04
-1.575000000000000000e+02 -1.475000000000000000e+02 -1.750000000000000000e+01 -7.500000000000000000e+00 -7.040377276122744901e-04 1.140807545522454930e-04
-1.575000000000000000e+02 -1.475000000000000000e+02 -7.500000000000000000e+00 2.500000000000000000e+00 -4.817179001617580628e-04 1.096343580032351715e-04
-1.575000000000000000e+02 -1.475000000000000000e+02 2.500000000000000000e+00 1.250000000000000000e+01 -3.785065234733174522e-04 1.075701304694663549e-04
-1.475000000000000000e+02 -1.375000000000000000e+02 -1.275000000000000000e+02 -1.175000000000000000e+02 -1.943277688019470484e-01 3.986555376038941438e-03
-1.475000000000000000e+02 -1.375000000000000000e+02 -1.175000000000000000e+02 -1.075000000000000000e+02 -5.031007731271957412e-02 1.106201546254391562e-03
-1.475000000000000000e+02 -1.375000000000000000e+02 -1.075000000000000000e+02 -9.750000000000000000e+01 -2.011280209305007019e-02 5.022560418610013972e-04
-1.475000000000000000e+02 -1.375000000000000000e+02 -9.750000000000000000e+01 -8.750000000000000000e+01 -9.829777969996730119e-03 2.965955593999346066e-04
-1.475000000000000000e+02 -1.375000000000000000e+02 -8.750000000000000000e+01 -7.750000000000000000e+01 -4.987768206110337194e-03 1.997553641222067525e-04
-1.475000000000000000e+02 -1.375000000000000000e+02 -7.750000000000000000e+01 -6.750000000000000000e+01 -3.212173449694247576e-03 1.642434689938849666e-04
-1.475000000000000000e+02 -1.375000000000000000e+02 -6.750000000000000000e+01 -5.750000000000000000e+01 -5.089582628852708235e-03 2.017916525770541820e-04
-1.475000000000000000e+02 -1.375000000000000000e+02 -5.750000000000000000e+01 -4.750000000000000000e+01 -3.106228145823309965e-03 1.621245629164661884e-04
-1.475000000000000000e+02 -1.375000000000000000e+02 -4.750000000000000000e+01 -3.750000000000000000e+01 -6.022147129498070517e-04 1.120442942589961437e-04
-1.475000000000000000e+02 -1.375000000000000000e+02 -3.750000000000000000e+01 -2.750000000000000000e+01 -6.447878470173893511e-04 1.128957569403477859e-04
-1.475000000000000000e+02 -1.375000000000000000e+02 -2.750000000000000000e+01 -1.750000000000000000e+01 -5.053041251565555149e-04 1.101060825031311097e-04
-1.475000000000000000e+02 -1.375000000000000000e+02 -1.750000000000000000e+01 -7.500000000000000000e+00 -3.342636715863971791e-04 1.066852734317279424e-04
-1.475000000000000000e+02 -1.375000000000000000e+02 -7.500000000000000000e+00 2.500000000000000000e+00 -2.243146875867364429e-04 1.044862937517347309e-04
-1.475000000000000000e+02 -1.375000000000000000e+02 2.500000000000000000e+00 1.250000000000000000e+01 -1.719486441335090106e-04 1.034389728826701850e-04
-1.475000000000000000e+02 -1.375000000000000000e+02 1.250000000000000000e+01 2.250000000000000000e+01 -1.615164312250539323e-04 1.032303286245010780e-04
-1.375000000000000000e+02 -1.275000000000000000e+02 -1.175000000000000000e+02 -1.075000000000000000e+02 -4.088805062225562836e-01 8.277610124451125970e-03
-1.375000000000000000e+02 -1.275000000000000000e+02 -1.075000000000000000e+02 -9.750000000000000000e+01 -9.832820663559274643e-02 2.066564132711854861e-03
-1.375000000000000000e+02 -1.275000000000000000e+02 -9.750000000000000000e+01 -8.750000000000000000e+01 -3.686013660022608579e-02 8.372027320045217743e-04
-1.375000000000000000e+02 -1.275000000000000000e+02 -8.750000000000000000e+01 -7.750000000000000000e+01 -1.610030136553326080e-02 4.220060273106652289e-04
-1.375000000000000000e+02 -1.275000000000000000e+02 -7.750000000000000000e+01 -6.750000000000000000e+01 -9.023731119299417680e-03 2.804746223859883535e-04
-1.375000000000000000e+02 -1.275000000000000000e+02 -6.750000000000000000e+01 -5.750000000000000000e+01 -1.316646158869511779e-02 3.633292317739023340e-04
-1.375000000000000000e+02 -1.275000000000000000e+02 -5.750000000000000000e+01 -4.750000000000000000e+01 -7.607291892417556919e-03 2.521458378483511426e-04
-1.375000000000000000e+02 -1.275000000000000000e+02 -4.750000000000000000e+01 -3.750000000000000000e+01 -1.355027045794350918e-03 1.271005409158870324e-04
-1.375000000000000000e+02 -1.275000000000000000e+02 -3.750000000000000000e+01 -2.750000000000000000e+01 -1.402733873716767096e-03 1.280546774743353429e-04
-1.375000000000000000e+02 -1.275000000000000000e+02 -2.750000000000000000e+01 -1.750000000000000000e+01 -1.079487313954654443e-03 1.215897462790930920e-04
-1.375000000000000000e+02 -1.275000000000000000e+02 -1.750000000000000000e+01 -7.500000000000000000e+00 -7.019002122937130841e-04 1.140380042458742632e-04
-1.375000000000000000e+02 -1.275000000000000000e+02 -7.500000000000000000e+00 2.500000000000000000e+00 -4.602348676584037956e-04 1.092046973531680834e-04
-1.375000000000000000e+02 -1.275000000000000000e+02 2.500000000000000000e+00 1.250000000000000000e+01 -3.424509837150618852e-04 1.068490196743012436e-04
-1.375000000000000000e+02 -1.275000000000000000e+02 1.250000000000000000e+01 2.250000000000000000e+01 -3.120127292644044731e-04 1.062402545852880986e-04
-1.375000000000000000e+02 -1.275000000000000000e+02 2.250000000000000000e+01 3.250000000000000000e+01 -3.306666445286763831e-04 1.066133328905735362e-04
-1.275000000000000000e+02 -1.175000000000000000e+02 -1.075000000000000000e+02 -9.750000000000000000e+01 -5.489788990064157215e-01 1.107957798012831376e-02
-1.275000000000000000e+02 -1.175000000000000000e+02 -9.750000000000000000e+01 -8.750000000000000000e+01 -1.449003455426942089e-01 2.998006910853884179e-03
-1.275000000000000000e+02 -1.175000000000000000e+02 -8.750000000000000000e+01 -7.750000000000000000e+01 -5.387774095400624241e-02 1.177554819080124833e-03
-1.275000000000000000e+02 -1.175000000000000000e+02 -7.750000000000000000e+01 -6.750000000000000000e+01 -2.682414453314076186e-02 6.364828906628152653e-04
-1.275000000000000000e+02 -1.175000000000000000e+02 -6.750000000000000000e+01 -5.750000000000000000e+01 -3.658375178554895690e-02 8.316750357109792399e-04
-1.275000000000000000e+02 -1.175000000000000000e+02 -5.750000000000000000e+01 -4.750000000000000000e+01 -2.026267513913146759e-02 5.052535027826293278e-04
-1.275000000000000000e+02 -1.175000000000000000e+02 -4.750000000000000000e+01 -3.750000000000000000e+01 -3.388135206904879099e-03 1.677627041380975851e-04
-1.275000000000000000e+02 -1.175000000000000000e+02 -3.750000000000000000e+01 -2.750000000000000000e+01 -3.420186721997148238e-03 1.684037344399429647e-04
-1.275000000000000000e+02 -1.175000000000000000e+02 -2.750000000000000000e+01 -1.750000000000000000e+01 -2.598449471199415495e-03 1.519689894239883163e-04
-1.275000000000000000e+02 -1.175000000000000000e+02 -1.750000000000000000e+01 -7.500000000000000000e+00 -1.670824388238312599e-03 1.334164877647662649e-04
-1.275000000000000000e+02 -1.175000000000000000e+02 -7.500000000000000000e+00 2.500000000000000000e+00 -1.080299005357740136e-03 1.216059801071548037e-04
-1.275000000000000000e+02 -1.175000000000000000e+02 2.500000000000000000e+00 1.250000000000000000e+01 -7.899136900374591902e-04 1.157982738007491815e-04
-1.275000000000000000e+02 -1.175000000000000000e+02 1.250000000000000000e+01 2.250000000000000000e+01 -7.070080401132949194e-04 1.141401608022658999e-04
-1.275000000000000000e+02 -1.175000000000000000e+02 2.250000000000000000e+01 3.250000000000000000e+01 -7.401248510331189662e-04 1.148024970206623819e-04
-1.275000000000000000e+02 -1.175000000000000000e+02 3.250000000000000000e+01 4.250000000000000000e+01 -7.507714319737717606e-04 1.150154286394754449e-04
-1.175000000000000000e+02 -1.075000000000000000e+02 -9.750000000000000000e+01 -8.750000000000000000e+01 -5.158639462745938653e-01 1.041727892549187615e-02
-1.175000000000000000e+02 -1.075000000000000000e+02 -8.750000000000000000e+01 -7.750000000000000000e+01 -1.254134366133508871e-01 2.608268732267017814e-03
-1.175000000000000000e+02 -1.075000000000000000e+02 -7.750000000000000000e+01 -6.750000000000000000e+01 -4.806843261104969123e-02 1.061368652220993827e-03
-1.175000000000000000e+02 -1.075000000000000000e+02 -6.750000000000000000e+01 -5.750000000000000000e+01 -5.677656459402109779e-02 1.235531291880421958e-03
-1.175000000000000000e+02 -1.075000000000000000e+02 -5.750000000000000000e+01 -4.750000000000000000e+01 -2.895998555219739604e-02 6.791997110439480182e-04
-1.175000000000000000e+02 -1.075000000000000000e+02 -4.750000000000000000e+01 -3.750000000000000000e+01 -4.295196861703504815e-03 1.859039372340700962e-04
-1.175000000000000000e+02 -1.075000000000000000e+02 -3.750000000000000000e+01 -2.750000000000000000e+01 -4.127719637095711436e-03 1.825543927419142406e-04
-1.175000000000000000e+02 -1.075000000000000000e+02 -2.750000000000000000e+01 -1.750000000000000000e+01 -3.062889732308352042e-03 1.612577946461670559e-04
-1.175000000000000000e+02 -1.075000000000000000e+02 -1.750000000000000000e+01 -7.500000000000000000e+00 -1.932718418066362714e-03 1.386543683613272715e-04
-1.175000000000000000e+02 -1.075000000000000000e+02 -7.500000000000000000e+00 2.500000000000000000e+00 -1.221679349144582857e-03 1.244335869828916744e-04
-1.175000000000000000e+02 -1.075000000000000000e+02 2.500000000000000000e+00 1.250000000000000000e+01 -8.687494594264814907e-04 1.173749891885296357e-04
-1.175000000000000000e+02 -1.075000000000000000e+02 1.250000000000000000e+01 2.250000000000000000e+01 -7.556109106620113869e-04 1.151122182132402342e-04
-1.175000000000000000e+02 -1.075000000000000000e+02 2.250000000000000000e+01 3.250000000000000000e+01 -7.753181951035328229e-04 1.155063639020706694e-04
-1.175000000000000000e+02 -1.075000000000000000e+02 3.250000000000000000e+01 4.250000000000000000e+01 -7.783146607914324250e-04 1.155662932158286495e-04
-1.175000000000000000e+02 -1.075000000000000000e+02 4.250000000000000000e+01 5.250000000000000000e+01 -7.273663966467407496e-04 1.145473279329348214e-04
-1.075000000000000000e+02 -9.750000000000000000e+01 -8.750000000000000000e+01 -7.750000000000000000e+01 -4.949754444879604365e-01 9.999508889759207986e-03
-1.075000000000000000e+02 -9.750000000000000000e+01 -7.750000000000000000e+01 -6.750000000000000000e+01 -1.183403865996505155e-01 2.466807731993010157e-03
-1.075000000000000000e+02 -9.750000000000000000e+01 -6.750000000000000000e+01 -5.750000000000000000e+01 -1.092403786455939940e-01 2.284807572911879640e-03
-1.075000000000000000e+02 -9.750000000000000000e+01 -5.750000000000000000e+01 -4.750000000000000000e+01 -4.925583675563469099e-02 1.085116735112693926e-03
-1.075000000000000000e+02 -9.750000000000000000e+01 -4.750000000000000000e+01 -3.750000000000000000e+01 -6.145397292237755188e-03 2.229079458447551102e-04
-1.075000000000000000e+02 -9.750000000000000000e+01 -3.750000000000000000e+01 -2.750000000000000000e+01 -5.472661774333423962e-03 2.094532354866684835e-04
-1.075000000000000000e+02 -9.750000000000000000e+01 -2.750000000000000000e+01 -1.750000000000000000e+01 -3.923924524077856274e-03 1.784784904815571514e-04
-1.075000000000000000e+02 -9.750000000000000000e+01 -1.750000000000000000e+01 -7.500000000000000000e+00 -2.415250021895203394e-03 1.483050004379040776e-04
-1.075000000000000000e+02 -9.750000000000000000e+01 -7.500000000000000000e+00 2.500000000000000000e+00 -1.484005792120140360e-03 1.296801158424028006e-04
-1.075000000000000000e+02 -9.750000000000000000e+01 2.500000000000000000e+00 1.250000000000000000e+01 -1.019127396308753056e-03 1.203825479261750675e-04
-1.075000000000000000e+02 -9.750000000000000000e+01 1.250000000000000000e+01 2.250000000000000000e+01 -8.543638370021415518e-04 1.170872767400428407e-04
-1.075000000000000000e+02 -9.750000000000000000e+01 2.250000000000000000e+01 3.250000000000000000e+01 -8.537519246138089435e-04 1.170750384922761793e-04
-1.075000000000000000e+02 -9.750000000000000000e+01 3.250000000000000000e+01 4.250000000000000000e+01 -8.454473398429871236e-04 1.169089467968597440e-04
-1.075000000000000000e+02 -9.750000000000000000e+01 4.250000000000000000e+01 5.250000000000000000e+01 -7.836395436105437692e-04 1.156727908722108872e-04
-1.075000000000000000e+02 -9.750000000000000000e+01 5.250000000000000000e+01 6.250000000000000000e+01 -6.982264149702922112e-04 1.139645282994058447e-04
-9.750000000000000000e+01 -8.750000000000000000e+01 -7.750000000000000000e+01 -6.750000000000000000e+01 -4.673478820452309224e-01 9.446957640904618189e-03
-9.750000000000000000e+01 -8.750000000000000000e+01 -6.750000000000000000e+01 -5.750000000000000000e+01 -2.674993231472296840e-01 5.449986462944593664e-03
-9.750000000000000000e+01 -8.750000000000000000e+01 -5.750000000000000000e+01 -4.750000000000000000e+01 -9.884856102981559589e-02 2.076971220596311989e-03
-9.750000000000000000e+01 -8.750000000000000000e+01 -4.750000000000000000e+01 -3.750000000000000000e+01 -9.603119788970583548e-03 2.920623957794116817e-04
-9.750000000000000000e+01 -8.750000000000000000e+01 -3.750000000000000000e+01 -2.750000000000000000e+01 -7.558440782712456951e-03 2.511688156542491303e-04
-9.750000000000000000e+01 -8.750000000000000000e+01 -2.750000000000000000e+01 -1.750000000000000000e+01 -5.144168732159316859e-03 2.028833746431863490e-04
-9.750000000000000000e+01 -8.750000000000000000e+01 -1.750000000000000000e+01 -7.500000000000000000e+00 -3.063316418633801191e-03 1.612663283726760259e-04
-9.750000000000000000e+01 -8.750000000000000000e+01 -7.500000000000000000e+00 2.500000000000000000e+00 -1.818762107681304654e-03 1.363752421536260843e-04
-9.750000000000000000e+01 -8.750000000000000000e+01 2.500000000000000000e+00 1.250000000000000000e+01 -1.198714225145133469e-03 1.239742845029026845e-04
-9.750000000000000000e+01 -8.750000000000000000e+01 1.250000000000000000e+01 2.250000000000000000e+01 -9.614220794652190982e-04 1.192284415893043797e-04
-9.750000000000000000e+01 -8.750000000000000000e+01 2.250000000000000000e+01 3.250000000000000000e+01 -9.297274527443992465e-04 1.185945490548879908e-04
-9.750000000000000000e+01 -8.750000000000000000e+01 3.250000000000000000e+01 4.250000000000000000e+01 -9.053211981983888545e-04 1.181064239639677846e-04
-9.750000000000000000e+01 -8.750000000000000000e+01 4.250000000000000000e+01 5.250000000000000000e+01 -8.310743774561993313e-04 1.166214875491239914e-04
-9.750000000000000000e+01 -8.750000000000000000e+01 5.250000000000000000e+01 6.250000000000000000e+01 -7.351947320105908096e-04 1.147038946402118232e-04
-9.750000000000000000e+01 -8.750000000000000000e+01 6.250000000000000000e+01 7.250000000000000000e+01 -6.404766577060277272e-04 1.128095331541205534e-04
-8.750000000000000000e+01 -7.750000000000000000e+01 -6.750000000000000000e+01 -5.750000000000000000e+01 -1.001687079708333705e+00 2.013374159416667433e-02
-8.750000000000000000e+01 -7.750000000000000000e+01 -5.750000000000000000e+01 -4.750000000000000000e+01 -2.531402026297450147e-01 5.162804052594900661e-03
-8.750000000000000000e+01 -7.750000000000000000e+01 -4.750000000000000000e+01 -3.750000000000000000e+01 -1.682706384065831007e-02 4.365412768131661731e-04
-8.750000000000000000e+01 -7.750000000000000000e+01 -3.750000000000000000e+01 -2.750000000000000000e+01 -1.051940593728428741e-02 3.103881187456857395e-04
-8.750000000000000000e+01 -7.750000000000000000e+01 -2.750000000000000000e+01 -1.750000000000000000e+01 -6.499792230202892235e-03 2.299958446040578446e-04
-8.750000000000000000e+01 -7.750000000000000000e+01 -1.750000000000000000e+01 -7.500000000000000000e+00 -3.669930520138664845e-03 1.733986104027733120e-04
-8.750000000000000000e+01 -7.750000000000000000e+01 -7.500000000000000000e+00 2.500000000000000000e+00 -2.077898916980092450e-03 1.415579783396018500e-04
-8.750000000000000000e+01 -7.750000000000000000e+01 2.500000000000000000e+00 1.250000000000000000e+01 -1.298534117270681507e-03 1.259706823454136398e-04
-8.750000000000000000e+01 -7.750000000000000000e+01 1.250000000000000000e+01 2.250000000000000000e+01 -9.834048013107193897e-04 1.196680960262143986e-04
-8.750000000000000000e+01 -7.750000000000000000e+01 2.250000000000000000e+01 3.250000000000000000e+01 -9.101442251919257542e-04 1.182028845038385166e-04
-8.750000000000000000e+01 -7.750000000000000000e+01 3.250000000000000000e+01 4.250000000000000000e+01 -8.664962793738708452e-04 1.173299255874774184e-04
-8.750000000000000000e+01 -7.750000000000000000e+01 4.250000000000000000e+01 5.250000000000000000e+01 -7.857266984314919406e-04 1.157145339686298479e-04
-8.750000000000000000e+01 -7.750000000000000000e+01 5.250000000000000000e+01 6.250000000000000000e+01 -6.891579998198650581e-04 1.137831599963973070e-04
-8.750000000000000000e+01 -7.750000000000000000e+01 6.250000000000000000e+01 7.250000000000000000e+01 -5.961923218081432302e-04 1.119238464361628651e-04
-8.750000000000000000e+01 -7.750000000000000000e+01 7.250000000000000000e+01 8.250000000000000000e+01 -5.152116366889244667e-04 1.103042327337784903e-04
-7.750000000000000000e+01 -6.750000000000000000e+01 -5.750000000000000000e+01 -4.750000000000000000e+01 -4.181557381149986874e+00 8.373114762299974090e-02
-7.750000000000000000e+01 -6.750000000000000000e+01 -4.750000000000000000e+01 -3.750000000000000000e+01 -1.489391896572175300e-01 3.078783793144350411e-03
-7.750000000000000000e+01 -6.750000000000000000e+01 -3.750000000000000000e+01 -2.750000000000000000e+01 -5.483562070800446220e-02 1.196712414160089420e-03
-7.750000000000000000e+01 -6.750000000000000000e+01 -2.750000000000000000e+01 -1.750000000000000000e+01 -2.538127306465001037e-02 6.076254612930003093e-04
-7.750000000000000000e+01 -6.750000000000000000e+01 -1.750000000000000000e+01 -7.500000000000000000e+00 -1.217830800165532398e-02 3.435661600331065143e-04
-7.750000000000000000e+01 -6.750000000000000000e+01 -7.500000000000000000e+00 2.500000000000000000e+00 -6.050497075061517932e-03 2.210099415012303694e-04
-7.750000000000000000e+01 -6.750000000000000000e+01 2.500000000000000000e+00 1.250000000000000000e+01 -3.296607702744747820e-03 1.659321540548949628e-04
-7.750000000000000000e+01 -6.750000000000000000e+01 1.250000000000000000e+01 2.250000000000000000e+01 -2.145657443271064418e-03 1.429131488654212839e-04
-7.750000000000000000e+01 -6.750000000000000000e+01 2.250000000000000000e+01 3.250000000000000000e+01 -1.750399060035245577e-03 1.350079812007049180e-04
-7.750000000000000000e+01 -6.750000000000000000e+01 3.250000000000000000e+01 4.250000000000000000e+01 -1.555598900294734646e-03 1.311119780058946928e-04
-7.750000000000000000e+01 -6.750000000000000000e+01 4.250000000000000000e+01 5.250000000000000000e+01 -1.359381613918367315e-03 1.271876322783673451e-04
-7.750000000000000000e+01 -6.750000000000000000e+01 5.250000000000000000e+01 6.250000000000000000e+01 -1.163560557089151834e-03 1.232712111417830323e-04
-7.750000000000000000e+01 -6.750000000000000000e+01 6.250000000000000000e+01 7.250000000000000000e+01 -9.878264260687929024e-04 1.197565285213758580e-04
-7.750000000000000000e+01 -6.750000000000000000e+01 7.250000000000000000e+01 8.250000000000000000e+01 -8.402820154386116819e-04 1.168056403087722352e-04
-7.750000000000000000e+01 -6.750000000000000000e+01 8.250000000000000000e+01 9.250000000000000000e+01 -7.235284450446341498e-04 1.144705689008926829e-04
-6.750000000000000000e+01 -5.750000000000000000e+01 -4.750000000000000000e+01 -3.750000000000000000e+01 -1.029728954070038727e+00 2.069457908140077268e-02
-6.750000000000000000e+01 -5.750000000000000000e+01 -3.750000000000000000e+01 -2.750000000000000000e+01 -2.748267422391090231e-01 5.596534844782181072e-03
-6.750000000000000000e+01 -5.750000000000000000e+01 -2.750000000000000000e+01 -1.750000000000000000e+01 -1.082312550713557531e-01 2.264625101427115116e-03
-6.750000000000000000e+01 -5.750000000000000000e+01 -1.750000000000000000e+01 -7.500000000000000000e+00 -4.764354366359421777e-02 1.052870873271884297e-03
-6.750000000000000000e+01 -5.750000000000000000e+01 -7.500000000000000000e+00 2.500000000000000000e+00 -2.222325766781919204e-02 5.444651533563838516e-04
-6.750000000000000000e+01 -5.750000000000000000e+01 2.500000000000000000e+00 1.250000000000000000e+01 -1.136333336433411473e-02 3.272666672866822836e-04
-6.750000000000000000e+01 -5.750000000000000000e+01 1.250000000000000000e+01 2.250000000000000000e+01 -6.871192780561995173e-03 2.374238556112399055e-04
-6.750000000000000000e+01 -5.750000000000000000e+01 2.250000000000000000e+01 3.250000000000000000e+01 -5.232513431118114566e-03 2.046502686223622967e-04
-6.750000000000000000e+01 -5.750000000000000000e+01 3.250000000000000000e+01 4.250000000000000000e+01 -4.461288848067374024e-03 1.892257769613474782e-04
-6.750000000000000000e+01 -5.750000000000000000e+01 4.250000000000000000e+01 5.250000000000000000e+01 -3.809819330898633893e-03 1.761963866179726810e-04
-6.750000000000000000e+01 -5.750000000000000000e+01 5.250000000000000000e+01 6.250000000000000000e+01 -3.212232440278902507e-03 1.642446488055780511e-04
-6.750000000000000000e+01 -5.750000000000000000e+01 6.250000000000000000e+01 7.250000000000000000e+01 -2.696187636699477058e-03 1.539237527339895432e-04
-6.750000000000000000e+01 -5.750000000000000000e+01 7.250000000000000000e+01 8.250000000000000000e+01 -2.272096136888793194e-03 1.454419227377758692e-04
-6.750000000000000000e+01 -5.750000000000000000e+01 8.250000000000000000e+01 9.250000000000000000e+01 -1.940684350523242188e-03 1.388136870104648480e-04
-6.750000000000000000e+01 -5.750000000000000000e+01 9.250000000000000000e+01 1.025000000000000000e+02 -1.710213034074804100e-03 1.342042606814961014e-04
-5.750000000000000000e+01 -4.750000000000000000e+01 -3.750000000000000000e+01 -2.750000000000000000e+01 -6.982489004717937764e-01 1.406497800943587451e-02
-5.750000000000000000e+01 -4.750000000000000000e+01 -2.750000000000000000e+01 -1.750000000000000000e+01 -1.944433007232184152e-01 3.988866014464368705e-03
-5.750000000000000000e+01 -4.750000000000000000e+01 -1.750000000000000000e+01 -7.500000000000000000e+00 -7.367229181232046176e-02 1.573445836246409281e-03
-5.750000000000000000e+01 -4.750000000000000000e+01 -7.500000000000000000e+00 2.500000000000000000e+00 -3.147897179310651938e-02 7.295794358621304071e-04
-5.750000000000000000e+01 -4.750000000000000000e+01 2.500000000000000000e+00 1.250000000000000000e+01 -1.489923160385041301e-02 3.979846320770082362e-04
-5.750000000000000000e+01 -4.750000000000000000e+01 1.250000000000000000e+01 2.250000000000000000e+01 -8.244605492220329068e-03 2.648921098444065986e-04
-5.750000000000000000e+01 -4.750000000000000000e+01 2.250000000000000000e+01 3.250000000000000000e+01 -5.739627368552678577e-03 2.147925473710535931e-04
-5.750000000000000000e+01 -4.750000000000000000e+01 3.250000000000000000e+01 4.250000000000000000e+01 -4.619059935288782198e-03 1.923811987057756699e-04
-5.750000000000000000e+01 -4.750000000000000000e+01 4.250000000000000000e+01 5.250000000000000000e+01 -3.821156000335983877e-03 1.764231200067196644e-04
-5.750000000000000000e+01 -4.750000000000000000e+01 5.250000000000000000e+01 6.250000000000000000e+01 -3.158952952585798030e-03 1.631790590517159681e-04
-5.750000000000000000e+01 -4.750000000000000000e+01 6.250000000000000000e+01 7.250000000000000000e+01 -2.614520247075067388e-03 1.522904049415013585e-04
-5.750000000000000000e+01 -4.750000000000000000e+01 7.250000000000000000e+01 8.250000000000000000e+01 -2.179214261847198936e-03 1.435842852369439678e-04
-5.750000000000000000e+01 -4.750000000000000000e+01 8.250000000000000000e+01 9.250000000000000000e+01 -1.844492623854460805e-03 1.368898524770892279e-04
-5.750000000000000000e+01 -4.750000000000000000e+01 9.250000000000000000e+01 1.025000000000000000e+02 -1.612952996917845980e-03 1.322590599383569260e-04
-5.750000000000000000e+01 -4.750000000000000000e+01 1.025000000000000000e+02 1.125000000000000000e+02 -1.316015440260057817e-03 1.263203088052011606e-04
-4.750000000000000000e+01 -3.750000000000000000e+01 -2.750000000000000000e+01 -1.750000000000000000e+01 -4.618168909059284788e-01 9.336337818118569526e-03
-4.750000000000000000e+01 -3.750000000000000000e+01 -1.750000000000000000e+01 -7.500000000000000000e+00 -1.070149939947026979e-01 2.240299879894053735e-03
-4.750000000000000000e+01 -3.750000000000000000e+01 -7.500000000000000000e+00 2.500000000000000000e+00 -3.602444797110339325e-02 8.204889594220679105e-04
-4.750000000000000000e+01 -3.750000000000000000e+01 2.500000000000000000e+00 1.250000000000000000e+01 -1.440755471968119261e-02 3.881510943936238760e-04
-4.750000000000000000e+01 -3.750000000000000000e+01 1.250000000000000000e+01 2.250000000000000000e+01 -6.599671654316179026e-03 2.319934330863235848e-04
-4.750000000000000000e+01 -3.750000000000000000e+01 2.250000000000000000e+01 3.250000000000000000e+01 -3.654551446995472561e-03 1.730910289399094425e-04
-4.750000000000000000e+01 -3.750000000000000000e+01 3.250000000000000000e+01 4.250000000000000000e+01 -2.456648322655236374e-03 1.491329664531047274e-04
-4.750000000000000000e+01 -3.750000000000000000e+01 4.250000000000000000e+01 5.250000000000000000e+01 -1.826381157719637882e-03 1.365276231543927543e-04
-4.750000000000000000e+01 -3.750000000000000000e+01 5.250000000000000000e+01 6.250000000000000000e+01 -1.416340909094281064e-03 1.283268181818856364e-04
-4.750000000000000000e+01 -3.750000000000000000e+01 6.250000000000000000e+01 7.250000000000000000e+01 -1.123857539704735571e-03 1.224771507940947265e-04
-4.750000000000000000e+01 -3.750000000000000000e+01 7.250000000000000000e+01 8.250000000000000000e+01 -9.086795409273297486e-04 1.181735908185466014e-04
-4.750000000000000000e+01 -3.750000000000000000e+01 8.250000000000000000e+01 9.250000000000000000e+01 -7.512765890036266284e-04 1.150255317800725363e-04
-4.750000000000000000e+01 -3.750000000000000000e+01 9.250000000000000000e+01 1.025000000000000000e+02 -6.447883673248149677e-04 1.128957673464963036e-04
-4.750000000000000000e+01 -3.750000000000000000e+01 1.025000000000000000e+02 1.125000000000000000e+02 -5.190531210847700375e-04 1.103810624216954023e-04
-4.750000000000000000e+01 -3.750000000000000000e+01 1.125000000000000000e+02 1.225000000000000000e+02 -2.731227998002162816e-04 1.054624559960043304e-04
-3.750000000000000000e+01 -2.750000000000000000e+01 -1.750000000000000000e+01 -7.500000000000000000e+00 -5.061359937523277619e-01 1.022271987504655422e-02
-3.750000000000000000e+01 -2.750000000000000000e+01 -7.500000000000000000e+00 2.500000000000000000e+00 -1.217619614755242469e-01 2.535239229510484731e-03
-3.750000000000000000e+01 -2.750000000000000000e+01 2.500000000000000000e+00 1.250000000000000000e+01 -4.173121007725798248e-02 9.346242015451596864e-04
-3.750000000000000000e+01 -2.750000000000000000e+01 1.250000000000000000e+01 2.250000000000000000e+01 -1.700051163584889377e-02 4.400102327169778602e-04
-3.750000000000000000e+01 -2.750000000000000000e+01 2.250000000000000000e+01 3.250000000000000000e+01 -8.167683450535707934e-03 2.633536690107141478e-04
-3.750000000000000000e+01 -2.750000000000000000e+01 3.250000000000000000e+01 4.250000000000000000e+01 -4.778057691336573543e-03 1.955611538267314838e-04
-3.750000000000000000e+01 -2.750000000000000000e+01 4.250000000000000000e+01 5.250000000000000000e+01 -3.221085749896164530e-03 1.644217149979232981e-04
-3.750000000000000000e+01 -2.750000000000000000e+01 5.250000000000000000e+01 6.250000000000000000e+01 -2.346407420722958215e-03 1.469281484144591620e-04
-3.750000000000000000e+01 -2.750000000000000000e+01 6.250000000000000000e+01 7.250000000000000000e+01 -1.786769463483372025e-03 1.357353892696674448e-04
-3.750000000000000000e+01 -2.750000000000000000e+01 7.250000000000000000e+01 8.250000000000000000e+01 -1.403761345646285796e-03 1.280752269129257148e-04
-3.750000000000000000e+01 -2.750000000000000000e+01 8.250000000000000000e+01 9.250000000000000000e+01 -1.136284404557798278e-03 1.227256880911559817e-04
-3.750000000000000000e+01 -2.750000000000000000e+01 9.250000000000000000e+01 1.025000000000000000e+02 -9.596502198174258064e-04 1.191930043963485150e-04
-3.750000000000000000e+01 -2.750000000000000000e+01 1.025000000000000000e+02 1.125000000000000000e+02 -7.640207708699718256e-04 1.152804154173994484e-04
-3.750000000000000000e+01 -2.750000000000000000e+01 1.125000000000000000e+02 1.225000000000000000e+02 -3.977497323514331620e-04 1.079549946470286707e-04
-3.750000000000000000e+01 -2.750000000000000000e+01 1.225000000000000000e+02 1.325000000000000000e+02 -3.904151101669535440e-04 1.078083022033390762e-04
-2.750000000000000000e+01 -1.750000000000000000e+01 -7.500000000000000000e+00 2.500000000000000000e+00 -5.144250976851567625e-01 1.038850195370313520e-02
-2.750000000000000000e+01 -1.750000000000000000e+01 2.500000000000000000e+00 1.250000000000000000e+01 -1.248921434197206304e-01 2.597842868394412315e-03
-2.750000000000000000e+01 -1.750000000000000000e+01 1.250000000000000000e+01 2.250000000000000000e+01 -4.284423562022250664e-02 9.568847124044501783e-04
-2.750000000000000000e+01 -1.750000000000000000e+01 2.250000000000000000e+01 3.250000000000000000e+01 -1.756443399889527981e-02 4.512886799779055724e-04
-2.750000000000000000e+01 -1.750000000000000000e+01 3.250000000000000000e+01 4.250000000000000000e+01 -8.646020540822012962e-03 2.729204108164402830e-04
-2.750000000000000000e+01 -1.750000000000000000e+01 4.250000000000000000e+01 5.250000000000000000e+01 -5.031936179506372314e-03 2.006387235901274581e-04
-2.750000000000000000e+01 -1.750000000000000000e+01 5.250000000000000000e+01 6.250000000000000000e+01 -3.290000613911561733e-03 1.658000122782312389e-04
-2.750000000000000000e+01 -1.750000000000000000e+01 6.250000000000000000e+01 7.250000000000000000e+01 -2.319483526336145462e-03 1.463896705267229287e-04
-2.750000000000000000e+01 -1.750000000000000000e+01 7.250000000000000000e+01 8.250000000000000000e+01 -1.723042495545381789e-03 1.344608499109076400e-04
-2.750000000000000000e+01 -1.750000000000000000e+01 8.250000000000000000e+01 9.250000000000000000e+01 -1.337385468359754588e-03 1.267477093671951090e-04
-2.750000000000000000e+01 -1.750000000000000000e+01 9.250000000000000000e+01 1.025000000000000000e+02 -1.093898562286701841e-03 1.218779712457340378e-04
-2.750000000000000000e+01 -1.750000000000000000e+01 1.025000000000000000e+02 1.125000000000000000e+02 -8.520703908191868195e-04 1.170414078163837374e-04
-2.750000000000000000e+01 -1.750000000000000000e+01 1.125000000000000000e+02 1.225000000000000000e+02 -4.343440527362794554e-04 1.086868810547255917e-04
-2.750000000000000000e+01 -1.750000000000000000e+01 1.225000000000000000e+02 1.325000000000000000e+02 -4.184193144584997734e-04 1.083683862891699932e-04
-2.750000000000000000e+01 -1.750000000000000000e+01 1.325000000000000000e+02 1.425000000000000000e+02 -5.245322456169246653e-04 1.104906449123384921e-04
-1.750000000000000000e+01 -7.500000000000000000e+00 2.500000000000000000e+00 1.250000000000000000e+01 -5.184483604305550886e-01 1.046896720861110151e-02
-1.750000000000000000e+01 -7.500000000000000000e+00 1.250000000000000000e+01 2.250000000000000000e+01 -1.259563605797498764e-01 2.619127211594997340e-03
-1.750000000000000000e+01 -7.500000000000000000e+00 2.250000000000000000e+01 3.250000000000000000e+01 -4.313277808956991755e-02 9.626555617913984267e-04
-1.750000000000000000e+01 -7.500000000000000000e+00 3.250000000000000000e+01 4.250000000000000000e+01 -1.819230885712187773e-02 4.638461771424375632e-04
-1.750000000000000000e+01 -7.500000000000000000e+00 4.250000000000000000e+01 5.250000000000000000e+01 -9.171105306168044619e-03 2.834221061233608836e-04
-1.750000000000000000e+01 -7.500000000000000000e+00 5.250000000000000000e+01 6.250000000000000000e+01 -5.306528648179509658e-03 2.061305729635902083e-04
-1.750000000000000000e+01 -7.500000000000000000e+00 6.250000000000000000e+01 7.250000000000000000e+01 -3.389941357263252450e-03 1.677988271452650500e-04
-1.750000000000000000e+01 -7.500000000000000000e+00 7.250000000000000000e+01 8.250000000000000000e+01 -2.327952762517940602e-03 1.465590552503588033e-04
-1.750000000000000000e+01 -7.500000000000000000e+00 8.250000000000000000e+01 9.250000000000000000e+01 -1.696465531384699563e-03 1.339293106276940020e-04
-1.750000000000000000e+01 -7.500000000000000000e+00 9.250000000000000000e+01 1.025000000000000000e+02 -1.319092386652068877e-03 1.263818477330413796e-04
-1.750000000000000000e+01 -7.500000000000000000e+00 1.025000000000000000e+02 1.125000000000000000e+02 -9.912851501242001331e-04 1.198257030024840107e-04
-1.750000000000000000e+01 -7.500000000000000000e+00 1.125000000000000000e+02 1.225000000000000000e+02 -4.877641156424243618e-04 1.097552823128484953e-04
-1.750000000000000000e+01 -7.500000000000000000e+00 1.225000000000000000e+02 1.325000000000000000e+02 -4.549513543429173010e-04 1.090990270868583438e-04
-1.750000000000000000e+01 -7.500000000000000000e+00 1.325000000000000000e+02 1.425000000000000000e+02 -5.588001287345949544e-04 1.111760025746919050e-04
-1.750000000000000000e+01 -7.500000000000000000e+00 1.425000000000000000e+02 1.525000000000000000e+02 -4.393882273167910163e-04 1.087877645463358278e-04
-7.500000000000000000e+00 2.500000000000000000e+00 1.250000000000000000e+01 2.250000000000000000e+01 -5.177356124044665275e-01 1.045471224808933002e-02
-7.500000000000000000e+00 2.500000000000000000e+00 2.250000000000000000e+01 3.250000000000000000e+01 -1.251475132699587656e-01 2.602950265399175001e-03
-7.500000000000000000e+00 2.500000000000000000e+00 3.250000000000000000e+01 4.250000000000000000e+01 -4.418140223965776742e-02 9.836280447931553591e-04
-7.500000000000000000e+00 2.500000000000000000e+00 4.250000000000000000e+01 5.250000000000000000e+01 -1.961258636079415973e-02 4.922517272158831881e-04
-7.500000000000000000e+00 2.500000000000000000e+00 5.250000000000000000e+01 6.250000000000000000e+01 -1.023022187760006668e-02 3.046044375520013444e-04
-7.500000000000000000e+00 2.500000000000000000e+00 6.250000000000000000e+01 7.250000000000000000e+01 -5.994678847534424398e-03 2.198935769506884814e-04
-7.500000000000000000e+00 2.500000000000000000e+00 7.250000000000000000e+01 8.250000000000000000e+01 -3.829840249808620992e-03 1.765968049961724241e-04
-7.500000000000000000e+00 2.500000000000000000e+00 8.250000000000000000e+01 9.250000000000000000e+01 -2.626135969457748381e-03 1.525227193891549773e-04
-7.500000000000000000e+00 2.500000000000000000e+00 9.250000000000000000e+01 1.025000000000000000e+02 -1.940088688954360110e-03 1.388017737790872195e-04
-7.500000000000000000e+00 2.500000000000000000e+00 1.025000000000000000e+02 1.125000000000000000e+02 -1.403976693952563304e-03 1.280795338790512833e-04
-7.500000000000000000e+00 2.500000000000000000e+00 1.125000000000000000e+02 1.225000000000000000e+02 -6.651912580254003976e-04 1.133038251605080198e-04
-7.500000000000000000e+00 2.500000000000000000e+00 1.225000000000000000e+02 1.325000000000000000e+02 -5.988220142562217935e-04 1.119764402851244396e-04
-7.500000000000000000e+00 2.500000000000000000e+00 1.325000000000000000e+02 1.425000000000000000e+02 -7.186498148105801426e-04 1.143729962962116093e-04
-7.500000000000000000e+00 2.500000000000000000e+00 1.425000000000000000e+02 1.525000000000000000e+02 -5.532166458154220111e-04 1.110643329163084456e-04
-7.500000000000000000e+00 2.500000000000000000e+00 1.525000000000000000e+02 1.625000000000000000e+02 -4.388627079441784727e-04 1.087772541588835742e-04
2.500000000000000000e+00 1.250000000000000000e+01 2.250000000000000000e+01 3.250000000000000000e+01 -5.144117469476248150e-01 1.038823493895249528e-02
2.500000000000000000e+00 1.250000000000000000e+01 3.250000000000000000e+01 4.250000000000000000e+01 -1.267467352678742498e-01 2.634934705357484894e-03
2.500000000000000000e+00 1.250000000000000000e+01 4.250000000000000000e+01 5.250000000000000000e+01 -4.716577121984581733e-02 1.043315424396916435e-03
2.500000000000000000e+00 1.250000000000000000e+01 5.250000000000000000e+01 6.250000000000000000e+01 -2.204434234302828088e-02 5.408868468605656935e-04
2.500000000000000000e+00 1.250000000000000000e+01 6.250000000000000000e+01 7.250000000000000000e+01 -1.192552353394406642e-02 3.385104706788813239e-04
2.500000000000000000e+00 1.250000000000000000e+01 7.250000000000000000e+01 8.250000000000000000e+01 -7.155162319175061014e-03 2.431032463835012137e-04
2.500000000000000000e+00 1.250000000000000000e+01 8.250000000000000000e+01 9.250000000000000000e+01 -4.659830032220939680e-03 1.931966006444188033e-04
2.500000000000000000e+00 1.250000000000000000e+01 9.250000000000000000e+01 1.025000000000000000e+02 -3.297264897382350124e-03 1.659452979476469937e-04
2.500000000000000000e+00 1.250000000000000000e+01 1.025000000000000000e+02 1.125000000000000000e+02 -2.310990400019119137e-03 1.462198080003823718e-04
2.500000000000000000e+00 1.250000000000000000e+01 1.125000000000000000e+02 1.225000000000000000e+02 -1.060835586419279879e-03 1.212167117283856045e-04
2.500000000000000000e+00 1.250000000000000000e+01 1.225000000000000000e+02 1.325000000000000000e+02 -9.270362907784256493e-04 1.185407258155685227e-04
2.500000000000000000e+00 1.250000000000000000e+01 1.325000000000000000e+02 1.425000000000000000e+02 -1.090699411099572448e-03 1.218139882219914554e-04
2.500000000000000000e+00 1.250000000000000000e+01 1.425000000000000000e+02 1.525000000000000000e+02 -8.243656428955368001e-04 1.164873128579107457e-04
2.500000000000000000e+00 1.250000000000000000e+01 1.525000000000000000e+02 1.625000000000000000e+02 -6.424365464664828773e-04 1.128487309293296634e-04
2.500000000000000000e+00 1.250000000000000000e+01 1.625000000000000000e+02 1.725000000000000000e+02 -5.140588915388539897e-04 1.102811778307770916e-04
1.250000000000000000e+01 2.250000000000000000e+01 3.250000000000000000e+01 4.250000000000000000e+01 -5.162015923127479811e-01 1.042403184625495874e-02
1.250000000000000000e+01 2.250000000000000000e+01 4.250000000000000000e+01 5.250000000000000000e+01 -1.317953838685858026e-01 2.735907677371716105e-03
1.250000000000000000e+01 2.250000000000000000e+01 5.250000000000000000e+01 6.250000000000000000e+01 -5.153042785842842921e-02 1.130608557168568621e-03
1.250000000000000000e+01 2.250000000000000000e+01 6.250000000000000000e+01 7.250000000000000000e+01 -2.517825142898158508e-02 6.035650285796317427e-04
1.250000000000000000e+01 2.250000000000000000e+01 7.250000000000000000e+01 8.250000000000000000e+01 -1.411654379251221086e-02 3.823308758502442259e-04
1.250000000000000000e+01 2.250000000000000000e+01 8.250000000000000000e+01 9.250000000000000000e+01 -8.746805065293107584e-03 2.749361013058621754e-04
1.250000000000000000e+01 2.250000000000000000e+01 9.250000000000000000e+01 1.025000000000000000e+02 -5.953903210725825651e-03 2.190780642145165086e-04
1.250000000000000000e+01 2.250000000000000000e+01 1.025000000000000000e+02 1.125000000000000000e+02 -4.059441807204938746e-03 1.811888361440987705e-04
1.250000000000000000e+01 2.250000000000000000e+01 1.125000000000000000e+02 1.225000000000000000e+02 -1.816004956478453267e-03 1.363200991295690783e-04
1.250000000000000000e+01 2.250000000000000000e+01 1.225000000000000000e+02 1.325000000000000000e+02 -1.550284688209425943e-03 1.310056937641885231e-04
1.250000000000000000e+01 2.250000000000000000e+01 1.325000000000000000e+02 1.425000000000000000e+02 -1.795928972350547756e-03 1.359185794470109442e-04
1.250000000000000000e+01 2.250000000000000000e+01 1.425000000000000000e+02 1.525000000000000000e+02 -1.338281131988325844e-03 1.267656226397665244e-04
1.250000000000000000e+01 2.250000000000000000e+01 1.525000000000000000e+02 1.625000000000000000e+02 -1.028840749435235707e-03 1.205768149887047157e-04
1.250000000000000000e+01 2.250000000000000000e+01 1.625000000000000000e+02 1.725000000000000000e+02 -8.130276369494289848e-04 1.162605527389885872e-04
1.250000000000000000e+01 2.250000000000000000e+01 1.725000000000000000e+02 1.825000000000000000e+02 -6.561404165755357204e-04 1.131228083315107138e-04
2.250000000000000000e+01 3.250000000000000000e+01 4.250000000000000000e+01 5.250000000000000000e+01 -5.198054221219035043e-01 1.049610844243806934e-02
2.250000000000000000e+01 3.250000000000000000e+01 5.250000000000000000e+01 6.250000000000000000e+01 -1.357852642188515091e-01 2.815705284377030115e-03
2.250000000000000000e+01 3.250000000000000000e+01 6.250000000000000000e+01 7.250000000000000000e+01 -5.469973535056209257e-02 1.193994707011241958e-03
2.250000000000000000e+01 3.250000000000000000e+01 7.250000000000000000e+01 8.250000000000000000e+01 -2.753863188116532218e-02 6.507726376233064587e-04
2.250000000000000000e+01 3.250000000000000000e+01 8.250000000000000000e+01 9.250000000000000000e+01 -1.593082075799578251e-02 4.186164151599156328e-04
2.250000000000000000e+01 3.250000000000000000e+01 9.250000000000000000e+01 1.025000000000000000e+02 -1.033744780194978743e-02 3.067489560389957703e-04
2.250000000000000000e+01 3.250000000000000000e+01 1.025000000000000000e+02 1.125000000000000000e+02 -6.830103083016389465e-03 2.366020616603278131e-04
2.250000000000000000e+01 3.250000000000000000e+01 1.125000000000000000e+02 1.225000000000000000e+02 -2.974529166994276108e-03 1.594905833398855438e-04
2.250000000000000000e+01 3.250000000000000000e+01 1.225000000000000000e+02 1.325000000000000000e+02 -2.482178640115035445e-03 1.496435728023007121e-04
2.250000000000000000e+01 3.250000000000000000e+01 1.325000000000000000e+02 1.425000000000000000e+02 -2.834235485577939889e-03 1.566847097115588150e-04
2.250000000000000000e+01 3.250000000000000000e+01 1.425000000000000000e+02 1.525000000000000000e+02 -2.085482933268389266e-03 1.417096586653678069e-04
2.250000000000000000e+01 3.250000000000000000e+01 1.525000000000000000e+02 1.625000000000000000e+02 -1.584601379472767163e-03 1.316920275894553367e-04
2.250000000000000000e+01 3.250000000000000000e+01 1.625000000000000000e+02 1.725000000000000000e+02 -1.239199948559692455e-03 1.247839989711938533e-04
2.250000000000000000e+01 3.250000000000000000e+01 1.725000000000000000e+02 1.825000000000000000e+02 -9.909014321777785683e-04 1.198180286435555691e-04
2.250000000000000000e+01 3.250000000000000000e+01 1.825000000000000000e+02 1.925000000000000000e+02 -8.063905996741936935e-04 1.161278119934838797e-04
3.250000000000000000e+01 4.250000000000000000e+01 5.250000000000000000e+01 6.250000000000000000e+01 -5.188858654947735571e-01 1.047771730989547137e-02
3.250000000000000000e+01 4.250000000000000000e+01 6.250000000000000000e+01 7.250000000000000000e+01 -1.357810682736674823e-01 2.815621365473349423e-03
3.250000000000000000e+01 4.250000000000000000e+01 7.250000000000000000e+01 8.250000000000000000e+01 -5.506031125516108737e-02 1.201206225103221888e-03
3.250000000000000000e+01 4.250000000000000000e+01 8.250000000000000000e+01 9.250000000000000000e+01 -2.810241894023123022e-02 6.620483788046246454e-04
3.250000000000000000e+01 4.250000000000000000e+01 9.250000000000000000e+01 1.025000000000000000e+02 -1.681033672448413452e-02 4.362067344896826881e-04
3.250000000000000000e+01 4.250000000000000000e+01 1.025000000000000000e+02 1.125000000000000000e+02 -1.055619266041786866e-02 3.111238532083573818e-04
3.250000000000000000e+01 4.250000000000000000e+01 1.125000000000000000e+02 1.225000000000000000e+02 -4.412774021769597793e-03 1.882554804353919558e-04
3.250000000000000000e+01 4.250000000000000000e+01 1.225000000000000000e+02 1.325000000000000000e+02 -3.561550973753501576e-03 1.712310194750700358e-04
3.250000000000000000e+01 4.250000000000000000e+01 1.325000000000000000e+02 1.425000000000000000e+02 -3.984700492052704879e-03 1.796940098410541235e-04
3.250000000000000000e+01 4.250000000000000000e+01 1.425000000000000000e+02 1.525000000000000000e+02 -2.882781982123792941e-03 1.576556396424758479e-04
3.250000000000000000e+01 4.250000000000000000e+01 1.525000000000000000e+02 1.625000000000000000e+02 -2.157366020115247113e-03 1.431473204023049378e-04
3.250000000000000000e+01 4.250000000000000000e+01 1.625000000000000000e+02 1.725000000000000000e+02 -1.665014358965079266e-03 1.333002871793015939e-04
3.250000000000000000e+01 4.250000000000000000e+01 1.725000000000000000e+02 1.825000000000000000e+02 -1.316374037818458798e-03 1.263274807563691748e-04
3.250000000000000000e+01 4.250000000000000000e+01 1.825000000000000000e+02 1.925000000000000000e+02 -1.060822072550374022e-03 1.212164414510074896e-04
3.250000000000000000e+01 4.250000000000000000e+01 1.925000000000000000e+02 2.025000000000000000e+02 -8.683687127411590656e-04 1.173673742548231801e-04
4.250000000000000000e+01 5.250000000000000000e+01 6.250000000000000000e+01 7.250000000000000000e+01 -5.171982312123555303e-01 1.044396462424711063e-02
4.250000000000000000e+01 5.250000000000000000e+01 7.250000000000000000e+01 8.250000000000000000e+01 -1.349242374332648153e-01 2.798484748665296378e-03
4.250000000000000000e+01 5.250000000000000000e+01 8.250000000000000000e+01 9.250000000000000000e+01 -5.482673243279791164e-02 1.196534648655958339e-03
4.250000000000000000e+01 5.250000000000000000e+01 9.250000000000000000e+01 1.025000000000000000e+02 -2.861380720286123974e-02 6.722761440572248880e-04
4.250000000000000000e+01 5.250000000000000000e+01 1.025000000000000000e+02 1.125000000000000000e+02 -1.655433949850294850e-02 4.310867899700589439e-04
4.250000000000000000e+01 5.250000000000000000e+01 1.125000000000000000e+02 1.225000000000000000e+02 -6.495915048216234500e-03 2.299183009643247138e-04
4.250000000000000000e+01 5.250000000000000000e+01 1.225000000000000000e+02 1.325000000000000000e+02 -4.983232894287915188e-03 1.996646578857582993e-04
4.250000000000000000e+01 5.250000000000000000e+01 1.325000000000000000e+02 1.425000000000000000e+02 -5.407788398790795703e-03 2.081557679758159313e-04
4.250000000000000000e+01 5.250000000000000000e+01 1.425000000000000000e+02 1.525000000000000000e+02 -3.817470663135907188e-03 1.763494132627181697e-04
4.250000000000000000e+01 5.250000000000000000e+01 1.525000000000000000e+02 1.625000000000000000e+02 -2.795469137574321805e-03 1.559093827514864577e-04
4.250000000000000000e+01 5.250000000000000000e+01 1.625000000000000000e+02 1.725000000000000000e+02 -2.117583387988312624e-03 1.423516677597662437e-04
4.250000000000000000e+01 5.250000000000000000e+01 1.725000000000000000e+02 1.825000000000000000e+02 -1.647718328470089075e-03 1.329543665694018009e-04
4.250000000000000000e+01 5.250000000000000000e+01 1.825000000000000000e+02 1.925000000000000000e+02 -1.309858639661449359e-03 1.261971727932289828e-04
4.250000000000000000e+01 5.250000000000000000e+01 1.925000000000000000e+02 2.025000000000000000e+02 -1.059700576066953046e-03 1.211940115213390641e-04
4.250000000000000000e+01 5.250000000000000000e+01 2.025000000000000000e+02 2.125000000000000000e+02 -8.700293255297260331e-04 1.174005865105945206e-04
5.250000000000000000e+01 6.250000000000000000e+01 7.250000000000000000e+01 8.250000000000000000e+01 -5.163320806910279837e-01 1.042664161382055900e-02
5.250000000000000000e+01 6.250000000000000000e+01 8.250000000000000000e+01 9.250000000000000000e+01 -1.347780564459252484e-01 2.795561128918505004e-03
5.250000000000000000e+01 6.250000000000000000e+01 9.250000000000000000e+01 1.025000000000000000e+02 -5.578333921346034785e-02 1.215666784269207098e-03
5.250000000000000000e+01 6.250000000000000000e+01 1.025000000000000000e+02 1.125000000000000000e+02 -2.839172861583582480e-02 6.678345723167165501e-04
5.250000000000000000e+01 6.250000000000000000e+01 1.125000000000000000e+02 1.225000000000000000e+02 -1.016420842373110672e-02 3.032841684746221300e-04
5.250000000000000000e+01 6.250000000000000000e+01 1.225000000000000000e+02 1.325000000000000000e+02 -7.257665522648580614e-03 2.451533104529716144e-04
5.250000000000000000e+01 6.250000000000000000e+01 1.325000000000000000e+02 1.425000000000000000e+02 -7.549565007282130896e-03 2.509913001456426027e-04
5.250000000000000000e+01 6.250000000000000000e+01 1.425000000000000000e+02 1.525000000000000000e+02 -5.157350297706305570e-03 2.031470059541261200e-04
5.250000000000000000e+01 6.250000000000000000e+01 1.525000000000000000e+02 1.625000000000000000e+02 -3.670157903404719368e-03 1.734031580680944003e-04
5.250000000000000000e+01 6.250000000000000000e+01 1.625000000000000000e+02 1.725000000000000000e+02 -2.713153391893706121e-03 1.542630678378741223e-04
5.250000000000000000e+01 6.250000000000000000e+01 1.725000000000000000e+02 1.825000000000000000e+02 -2.067866763123064541e-03 1.413573352624612886e-04
5.250000000000000000e+01 6.250000000000000000e+01 1.825000000000000000e+02 1.925000000000000000e+02 -1.615103040726970085e-03 1.323020608145394070e-04
5.250000000000000000e+01 6.250000000000000000e+01 1.925000000000000000e+02 2.025000000000000000e+02 -1.287009223843166641e-03 1.257401844768633360e-04
5.250000000000000000e+01 6.250000000000000000e+01 2.025000000000000000e+02 2.125000000000000000e+02 -1.042897494139926121e-03 1.208579498827985283e-04
5.250000000000000000e+01 6.250000000000000000e+01 2.125000000000000000e+02 2.225000000000000000e+02 -8.572258743173213208e-04 1.171445174863464328e-04
6.250000000000000000e+01 7.250000000000000000e+01 8.250000000000000000e+01 9.250000000000000000e+01 -5.167914306224210552e-01 1.043582861244842126e-02
6.250000000000000000e+01 7.250000000000000000e+01 9.250000000000000000e+01 1.025000000000000000e+02 -1.370574596789508326e-01 2.841149193579016376e-03
6.250000000000000000e+01 7.250000000000000000e+01 1.025000000000000000e+02 1.125000000000000000e+02 -5.612739598817778619e-02 1.222547919763555726e-03
6.250000000000000000e+01 7.250000000000000000e+01 1.125000000000000000e+02 1.225000000000000000e+02 -1.753829369880074290e-02 4.507658739760148753e-04
6.250000000000000000e+01 7.250000000000000000e+01 1.225000000000000000e+02 1.325000000000000000e+02 -1.132526862817181262e-02 3.265053725634362567e-04
6.250000000000000000e+01 7.250000000000000000e+01 1.325000000000000000e+02 1.425000000000000000e+02 -1.112162613946147266e-02 3.224325227892294878e-04
6.250000000000000000e+01 7.250000000000000000e+01 1.425000000000000000e+02 1.525000000000000000e+02 -7.283255793609961365e-03 2.456651158721992597e-04
6.250000000000000000e+01 7.250000000000000000e+01 1.525000000000000000e+02 1.625000000000000000e+02 -5.000359050035648595e-03 2.000071810007129913e-04
6.250000000000000000e+01 7.250000000000000000e+01 1.625000000000000000e+02 1.725000000000000000e+02 -3.586553868828327996e-03 1.717310773765665793e-04
6.250000000000000000e+01 7.250000000000000000e+01 1.725000000000000000e+02 1.825000000000000000e+02 -2.664977312329791168e-03 1.532995462465958319e-04
6.250000000000000000e+01 7.250000000000000000e+01 1.825000000000000000e+02 1.925000000000000000e+02 -2.037203607792975255e-03 1.407440721558595137e-04
6.250000000000000000e+01 7.250000000000000000e+01 1.925000000000000000e+02 2.025000000000000000e+02 -1.593848300631726250e-03 1.318769660126345314e-04
6.250000000000000000e+01 7.250000000000000000e+01 2.025000000000000000e+02 2.125000000000000000e+02 -1.271289608915879624e-03 1.254257921783175989e-04
6.250000000000000000e+01 7.250000000000000000e+01 2.125000000000000000e+02 2.225000000000000000e+02 -1.030712001727334022e-03 1.206142400345466901e-04
7.250000000000000000e+01 8.250000000000000000e+01 9.250000000000000000e+01 1.025000000000000000e+02 -5.223146841174308719e-01 1.054629368234861683e-02
7.250000000000000000e+01 8.250000000000000000e+01 1.025000000000000000e+02 1.125000000000000000e+02 -1.394374996487352525e-01 2.888749992974704982e-03
7.250000000000000000e+01 8.250000000000000000e+01 1.125000000000000000e+02 1.225000000000000000e+02 -3.484214390430696862e-02 7.968428780861394698e-04
7.250000000000000000e+01 8.250000000000000000e+01 1.225000000000000000e+02 1.325000000000000000e+02 -1.938430911495747644e-02 4.876861822991495504e-04
7.250000000000000000e+01 8.250000000000000000e+01 1.325000000000000000e+02 1.425000000000000000e+02 -1.755109154354862755e-02 4.510218308709725726e-04
7.250000000000000000e+01 8.250000000000000000e+01 1.425000000000000000e+02 1.525000000000000000e+02 -1.087896910163033137e-02 3.175793820326066295e-04
7.250000000000000000e+01 8.250000000000000000e+01 1.525000000000000000e+02 1.625000000000000000e+02 -7.142181238271660265e-03 2.428436247654332009e-04
7.250000000000000000e+01 8.250000000000000000e+01 1.625000000000000000e+02 1.725000000000000000e+02 -4.937826896899134149e-03 1.987565379379826981e-04
7.250000000000000000e+01 8.250000000000000000e+01 1.725000000000000000e+02 1.825000000000000000e+02 -3.558936945959684239e-03 1.711787389191937020e-04
7.250000000000000000e+01 8.250000000000000000e+01 1.825000000000000000e+02 1.925000000000000000e+02 -2.652082123631736843e-03 1.530416424726347454e-04
7.250000000000000000e+01 8.250000000000000000e+01 1.925000000000000000e+02 2.025000000000000000e+02 -2.030625120517003807e-03 1.406125024103400847e-04
7.250000000000000000e+01 8.250000000000000000e+01 2.025000000000000000e+02 2.125000000000000000e+02 -1.590067618130653129e-03 1.318013523626130668e-04
7.250000000000000000e+01 8.250000000000000000e+01 2.125000000000000000e+02 2.225000000000000000e+02 -1.268792459137029968e-03 1.253758491827406166e-04
8.250000000000000000e+01 9.250000000000000000e+01 1.025000000000000000e+02 1.125000000000000000e+02 -5.341149235398636730e-01 1.078229847079727362e-02
8.250000000000000000e+01 9.250000000000000000e+01 1.125000000000000000e+02 1.225000000000000000e+02 -8.704265463710916806e-02 1.840853092742183441e-03
8.250000000000000000e+01 9.250000000000000000e+01 1.225000000000000000e+02 1.325000000000000000e+02 -3.782687993315193842e-02 8.565375986630388355e-04
8.250000000000000000e+01 9.250000000000000000e+01 1.325000000000000000e+02 1.425000000000000000e+02 -3.024844581619827444e-02 7.049689163239655342e-04
8.250000000000000000e+01 9.250000000000000000e+01 1.425000000000000000e+02 1.525000000000000000e+02 -1.739793385343732512e-02 4.479586770687464829e-04
8.250000000000000000e+01 9.250000000000000000e+01 1.525000000000000000e+02 1.625000000000000000e+02 -1.078989462229197616e-02 3.157978924458395447e-04
8.250000000000000000e+01 9.250000000000000000e+01 1.625000000000000000e+02 1.725000000000000000e+02 -7.131360427501037824e-03 2.426272085500207651e-04
8.250000000000000000e+01 9.250000000000000000e+01 1.725000000000000000e+02 1.825000000000000000e+02 -4.956283026787716706e-03 1.991256605357543232e-04
8.250000000000000000e+01 9.250000000000000000e+01 1.825000000000000000e+02 1.925000000000000000e+02 -3.584476204392790522e-03 1.716895240878558114e-04
8.250000000000000000e+01 9.250000000000000000e+01 1.925000000000000000e+02 2.025000000000000000e+02 -2.676787728607766051e-03 1.535357545721553285e-04
8.250000000000000000e+01 9.250000000000000000e+01 2.025000000000000000e+02 2.125000000000000000e+02 -2.052168226346099897e-03 1.410433645269220054e-04
8.250000000000000000e+01 9.250000000000000000e+01 2.125000000000000000e+02 2.225000000000000000e+02 -1.608129502391517085e-03 1.321625900478303514e-04
9.250000000000000000e+01 1.025000000000000000e+02 1.125000000000000000e+02 1.225000000000000000e+02 -3.378036413534007409e-01 6.856072827068015151e-03
9.250000000000000000e+01 1.025000000000000000e+02 1.225000000000000000e+02 1.325000000000000000e+02 -9.143465360827177091e-02 1.928693072165435507e-03
9.250000000000000000e+01 1.025000000000000000e+02 1.325000000000000000e+02 1.425000000000000000e+02 -5.877593123615980353e-02 1.275518624723196142e-03
9.250000000000000000e+01 1.025000000000000000e+02 1.425000000000000000e+02 1.525000000000000000e+02 -3.026322814683062024e-02 7.052645629366125152e-04
9.250000000000000000e+01 1.025000000000000000e+02 1.525000000000000000e+02 1.625000000000000000e+02 -1.740395458468000506e-02 4.480790916936000772e-04
9.250000000000000000e+01 1.025000000000000000e+02 1.625000000000000000e+02 1.725000000000000000e+02 -1.087667467481105016e-02 3.175334934962209901e-04
9.250000000000000000e+01 1.025000000000000000e+02 1.725000000000000000e+02 1.825000000000000000e+02 -7.238154353929875107e-03 2.447630870785975346e-04
9.250000000000000000e+01 1.025000000000000000e+02 1.825000000000000000e+02 1.925000000000000000e+02 -5.056173509715204684e-03 2.011234701943041109e-04
9.250000000000000000e+01 1.025000000000000000e+02 1.925000000000000000e+02 2.025000000000000000e+02 -3.670070941742653581e-03 1.734014188348530867e-04
9.250000000000000000e+01 1.025000000000000000e+02 2.025000000000000000e+02 2.125000000000000000e+02 -2.747852436809306020e-03 1.549570487361861214e-04
9.250000000000000000e+01 1.025000000000000000e+02 2.125000000000000000e+02 2.225000000000000000e+02 -2.110593495069566089e-03 1.422118699013913152e-04
1.025000000000000000e+02 1.125000000000000000e+02 1.225000000000000000e+02 1.325000000000000000e+02 -2.798953258150591594e-01 5.697906516301183208e-03
1.025000000000000000e+02 1.125000000000000000e+02 1.325000000000000000e+02 1.425000000000000000e+02 -1.157560495360563380e-01 2.415120990721126432e-03
1.025000000000000000e+02 1.125000000000000000e+02 1.425000000000000000e+02 1.525000000000000000e+02 -4.951049581672833932e-02 1.090209916334566789e-03
1.025000000000000000e+02 1.125000000000000000e+02 1.525000000000000000e+02 1.625000000000000000e+02 -2.561913841643545520e-02 6.123827683287091060e-04
1.025000000000000000e+02 1.125000000000000000e+02 1.625000000000000000e+02 1.725000000000000000e+02 -1.492940916848961574e-02 3.985881833697922910e-04
1.025000000000000000e+02 1.125000000000000000e+02 1.725000000000000000e+02 1.825000000000000000e+02 -9.447262178480717726e-03 2.889452435696143805e-04
1.025000000000000000e+02 1.125000000000000000e+02 1.825000000000000000e+02 1.925000000000000000e+02 -6.351760429259421109e-03 2.270352085851884525e-04
1.025000000000000000e+02 1.125000000000000000e+02 1.925000000000000000e+02 2.025000000000000000e+02 -4.473633792893547123e-03 1.894726758578709619e-04
1.025000000000000000e+02 1.125000000000000000e+02 2.025000000000000000e+02 2.125000000000000000e+02 -3.268731472166918825e-03 1.653746294433383862e-04
1.025000000000000000e+02 1.125000000000000000e+02 2.125000000000000000e+02 2.225000000000000000e+02 -2.460473143845393409e-03 1.492094628769078649e-04
1.125000000000000000e+02 1.225000000000000000e+02 1.325000000000000000e+02 1.425000000000000000e+02 -3.322496897712084452e-01 6.744993795424169582e-03
1.125000000000000000e+02 1.225000000000000000e+02 1.425000000000000000e+02 1.525000000000000000e+02 -8.590753677636302210e-02 1.818150735527260557e-03
1.125000000000000000e+02 1.225000000000000000e+02 1.525000000000000000e+02 1.625000000000000000e+02 -3.443399008773902203e-02 7.886798017547805425e-04
1.125000000000000000e+02 1.225000000000000000e+02 1.625000000000000000e+02 1.725000000000000000e+02 -1.726175533340085916e-02 4.452351066680171809e-04
1.125000000000000000e+02 1.225000000000000000e+02 1.725000000000000000e+02 1.825000000000000000e+02 -9.885768272673595147e-03 2.977153654534718920e-04
1.125000000000000000e+02 1.225000000000000000e+02 1.825000000000000000e+02 1.925000000000000000e+02 -6.189390784059382866e-03 2.237878156811876637e-04
1.125000000000000000e+02 1.225000000000000000e+02 1.925000000000000000e+02 2.025000000000000000e+02 -4.131945822754072919e-03 1.826389164550814691e-04
1.125000000000000000e+02 1.225000000000000000e+02 2.025000000000000000e+02 2.125000000000000000e+02 -2.895546559714851434e-03 1.579109311942970297e-04
1.125000000000000000e+02 1.225000000000000000e+02 2.125000000000000000e+02 2.225000000000000000e+02 -2.107704036456648639e-03 1.421540807291329814e-04
1.225000000000000000e+02 1.325000000000000000e+02 1.425000000000000000e+02 1.525000000000000000e+02 -4.544257807084858269e-01 9.188515614169716350e-03
1.225000000000000000e+02 1.325000000000000000e+02 1.525000000000000000e+02 1.625000000000000000e+02 -1.133723937381087565e-01 2.367447874762174977e-03
1.225000000000000000e+02 1.325000000000000000e+02 1.625000000000000000e+02 1.725000000000000000e+02 -4.434733760463539787e-02 9.869467520927080375e-04
1.225000000000000000e+02 1.325000000000000000e+02 1.725000000000000000e+02 1.825000000000000000e+02 -2.188200646146951089e-02 5.376401292293902460e-04
1.225000000000000000e+02 1.325000000000000000e+02 1.825000000000000000e+02 1.925000000000000000e+02 -1.239620555748009029e-02 3.479241111496017818e-04
1.225000000000000000e+02 1.325000000000000000e+02 1.925000000000000000e+02 2.025000000000000000e+02 -7.700204644567144874e-03 2.540040928913428952e-04
1.225000000000000000e+02 1.325000000000000000e+02 2.025000000000000000e+02 2.125000000000000000e+02 -5.109955909663687484e-03 2.021991181932737648e-04
1.225000000000000000e+02 1.325000000000000000e+02 2.125000000000000000e+02 2.225000000000000000e+02 -3.564182374433410433e-03 1.712836474886681977e-04
1.325000000000000000e+02 1.425000000000000000e+02 1.525000000000000000e+02 1.625000000000000000e+02 -5.345485174643680448e-01 1.079097034928735988e-02
1.325000000000000000e+02 1.425000000000000000e+02 1.625000000000000000e+02 1.725000000000000000e+02 -1.412218467409071532e-01 2.924436934818142909e-03
1.325000000000000000e+02 1.425000000000000000e+02 1.725000000000000000e+02 1.825000000000000000e+02 -5.724578264393871685e-02 1.244915652878774348e-03
1.325000000000000000e+02 1.425000000000000000e+02 1.825000000000000000e+02 1.925000000000000000e+02 -2.889676672663994694e-02 6.779353345327989843e-04
1.325000000000000000e+02 1.425000000000000000e+02 1.925000000000000000e+02 2.025000000000000000e+02 -1.662841484849651719e-02 4.325682969699303458e-04
1.325000000000000000e+02 1.425000000000000000e+02 2.025000000000000000e+02 2.125000000000000000e+02 -1.044738390605254308e-02 3.089476781210508572e-04
1.325000000000000000e+02 1.425000000000000000e+02 2.125000000000000000e+02 2.225000000000000000e+02 -6.992994509641567435e-03 2.398598901928313768e-04
1.425000000000000000e+02 1.525000000000000000e+02 1.625000000000000000e+02 1.725000000000000000e+02 -5.177128573560583202e-01 1.045425714712116573e-02
1.425000000000000000e+02 1.525000000000000000e+02 1.725000000000000000e+02 1.825000000000000000e+02 -1.346377924291840000e-01 2.792755848583679951e-03
1.425000000000000000e+02 1.525000000000000000e+02 1.825000000000000000e+02 1.925000000000000000e+02 -5.408999229501419703e-02 1.181799845900283934e-03
1.425000000000000000e+02 1.525000000000000000e+02 1.925000000000000000e+02 2.025000000000000000e+02 -2.716876094651915485e-02 6.433752189303831122e-04
1.425000000000000000e+02 1.525000000000000000e+02 2.025000000000000000e+02 2.125000000000000000e+02 -1.558920378958569830e-02 4.117840757917139421e-04
1.425000000000000000e+02 1.525000000000000000e+02 2.125000000000000000e+02 2.225000000000000000e+02 -9.777458732075174075e-03 2.955491746415035009e-04
1.525000000000000000e+02 1.625000000000000000e+02 1.725000000000000000e+02 1.825000000000000000e+02 -5.153449917227057586e-01 1.040689983445411415e-02
1.525000000000000000e+02 1.625000000000000000e+02 1.825000000000000000e+02 1.925000000000000000e+02 -1.334253460689429627e-01 2.768506921378859065e-03
1.525000000000000000e+02 1.625000000000000000e+02 1.925000000000000000e+02 2.025000000000000000e+02 -5.339757257530289292e-02 1.167951451506057991e-03
1.525000000000000000e+02 1.625000000000000000e+02 2.025000000000000000e+02 2.125000000000000000e+02 -2.673999242169247670e-02 6.347998484338495621e-04
1.525000000000000000e+02 1.625000000000000000e+02 2.125000000000000000e+02 2.225000000000000000e+02 -1.530671526504676083e-02 4.061343053009351927e-04
1.625000000000000000e+02 1.725000000000000000e+02 1.825000000000000000e+02 1.925000000000000000e+02 -5.148193791273534270e-01 1.039638758254706787e-02
1.625000000000000000e+02 1.725000000000000000e+02 1.925000000000000000e+02 2.025000000000000000e+02 -1.331180448954680795e-01 2.762360897909361609e-03
1.625000000000000000e+02 1.725000000000000000e+02 2.025000000000000000e+02 2.125000000000000000e+02 -5.320402411105779050e-02 1.164080482221155864e-03
1.625000000000000000e+02 1.725000000000000000e+02 2.125000000000000000e+02 2.225000000000000000e+02 -2.661073450000603358e-02 6.322146900001207083e-04
1.725000000000000000e+02 1.825000000000000000e+02 1.925000000000000000e+02 2.025000000000000000e+02 -5.146654758741870950e-01 1.039330951748374150e-02
1.725000000000000000e+02 1.825000000000000000e+02 2.025000000000000000e+02 2.125000000000000000e+02 -1.330199018776947739e-01 2.760398037553895168e-03
1.725000000000000000e+02 1.825000000000000000e+02 2.125000000000000000e+02 2.225000000000000000e+02 -5.313769376383076226e-02 1.162753875276615386e-03
1.825000000000000000e+02 1.925000000000000000e+02 2.025000000000000000e+02 2.125000000000000000e+02 -5.146101480884508472e-01 1.039220296176901655e-02
1.825000000000000000e+02 1.925000000000000000e+02 2.125000000000000000e+02 2.225000000000000000e+02 -1.329819365147313914e-01 2.759638730294627744e-03
1.925000000000000000e+02 2.025000000000000000e+02 2.125000000000000000e+02 2.225000000000000000e+02 -5.145861024303314268e-01 1.039172204860662821e-02
