! SIMPLE FORMAT
-2.275000000000000000e+02 -2.075000000000000000e+02 -1.875000000000000000e+02 -1.675000000000000000e+02 -5.363787062650937632e-01 1.000000000000000000e+00
-2.275000000000000000e+02 -2.075000000000000000e+02 -1.675000000000000000e+02 -1.475000000000000000e+02 -4.575837542841849626e+00 1.000000000000000000e+00
-2.275000000000000000e+02 -2.075000000000000000e+02 -1.475000000000000000e+02 -1.275000000000000000e+02 6.200692767546024697e+01 1.000000000000000000e+00
-2.275000000000000000e+02 -2.075000000000000000e+02 -1.275000000000000000e+02 -1.075000000000000000e+02 -8.771861661773124652e+00 1.000000000000000000e+00
-2.275000000000000000e+02 -2.075000000000000000e+02 -1.075000000000000000e+02 -8.750000000000000000e+01 -8.244412925180522933e+00 1.000000000000000000e+00
-2.275000000000000000e+02 -2.075000000000000000e+02 -8.750000000000000000e+01 -6.750000000000000000e+01 -1.076525242717317532e+01 1.000000000000000000e+00
-2.275000000000000000e+02 -2.075000000000000000e+02 -6.750000000000000000e+01 -4.750000000000000000e+01 6.671199246340015598e+00 1.000000000000000000e+00
-2.275000000000000000e+02 -2.075000000000000000e+02 -4.750000000000000000e+01 -2.750000000000000000e+01 -2.260682245227827636e+01 1.000000000000000000e+00
-2.275000000000000000e+02 -2.075000000000000000e+02 -2.750000000000000000e+01 -7.500000000000000000e+00 2.372320875230972348e+00 1.000000000000000000e+00
-2.275000000000000000e+02 -2.075000000000000000e+02 -7.500000000000000000e+00 1.250000000000000000e+01 2.426750571715682625e+01 1.000000000000000000e+00
-2.275000000000000000e+02 -2.075000000000000000e+02 1.250000000000000000e+01 3.250000000000000000e+01 1.031625944541640294e+01 1.000000000000000000e+00
-2.275000000000000000e+02 -2.075000000000000000e+02 3.250000000000000000e+01 5.250000000000000000e+01 -2.652079318713207012e+00 1.000000000000000000e+00
-2.275000000000000000e+02 -2.075000000000000000e+02 5.250000000000000000e+01 7.250000000000000000e+01 -5.554566400673781601e+00 1.000000000000000000e+00
-2.275000000000000000e+02 -2.075000000000000000e+02 7.250000000000000000e+01 9.250000000000000000e+01 -8.450661180578531884e+00 1.000000000000000000e+00
-2.275000000000000000e+02 -2.075000000000000000e+02 9.250000000000000000e+01 1.125000000000000000e+02 -1.260628421457223070e+01 1.000000000000000000e+00
-2.275000000000000000e+02 -2.075000000000000000e+02 1.125000000000000000e+02 1.325000000000000000e+02 4.973582324915945918e+01 1.000000000000000000e+00
-2.275000000000000000e+02 -2.075000000000000000e+02 1.325000000000000000e+02 1.525000000000000000e+02 -1.771072372323465061e+01 1.000000000000000000e+00
-2.275000000000000000e+02 -2.075000000000000000e+02 1.525000000000000000e+02 1.725000000000000000e+02 -8.602732955160785622e+00 1.000000000000000000e+00
-2.275000000000000000e+02 -2.075000000000000000e+02 1.725000000000000000e+02 1.925000000000000000e+02 -5.469232413100614920e+00 1.000000000000000000e+00
-2.275000000000000000e+02 -2.075000000000000000e+02 1.925000000000000000e+02 2.125000000000000000e+02 -4.224895448724282687e+00 1.000000000000000000e+00
-2.075000000000000000e+02 -1.875000000000000000e+02 -1.675000000000000000e+02 -1.475000000000000000e+02 -3.535685089359896338e+00 1.000000000000000000e+00
-2.075000000000000000e+02 -1.875000000000000000e+02 -1.475000000000000000e+02 -1.275000000000000000e+02 6.521059354702499888e+01 1.000000000000000000e+00
-2.075000000000000000e+02 -1.875000000000000000e+02 -1.275000000000000000e+02 -1.075000000000000000e+02 -7.869156168011126162e+00 1.000000000000000000e+00
-2.075000000000000000e+02 -1.875000000000000000e+02 -1.075000000000000000e+02 -8.750000000000000000e+01 -8.985160710890703228e+00 1.000000000000000000e+00
-2.075000000000000000e+02 -1.875000000000000000e+02 -8.750000000000000000e+01 -6.750000000000000000e+01 -1.179563537134042939e+01 1.000000000000000000e+00
-2.075000000000000000e+02 -1.875000000000000000e+02 -6.750000000000000000e+01 -4.750000000000000000e+01 5.494763360647292316e+00 1.000000000000000000e+00
-2.075000000000000000e+02 -1.875000000000000000e+02 -4.750000000000000000e+01 -2.750000000000000000e+01 -2.470048866632943074e+01 1.000000000000000000e+00
-2.075000000000000000e+02 -1.875000000000000000e+02 -2.750000000000000000e+01 -7.500000000000000000e+00 3.763773281868186271e-01 1.000000000000000000e+00
-2.075000000000000000e+02 -1.875000000000000000e+02 -7.500000000000000000e+00 1.250000000000000000e+01 2.275501727841979616e+01 1.000000000000000000e+00
-2.075000000000000000e+02 -1.875000000000000000e+02 1.250000000000000000e+01 3.250000000000000000e+01 9.752524535589861543e+00 1.000000000000000000e+00
-2.075000000000000000e+02 -1.875000000000000000e+02 3.250000000000000000e+01 5.250000000000000000e+01 -3.410470464183707140e+00 1.000000000000000000e+00
-2.075000000000000000e+02 -1.875000000000000000e+02 5.250000000000000000e+01 7.250000000000000000e+01 -6.469456615397222166e+00 1.000000000000000000e+00
-2.075000000000000000e+02 -1.875000000000000000e+02 7.250000000000000000e+01 9.250000000000000000e+01 -9.431276808971178482e+00 1.000000000000000000e+00
-2.075000000000000000e+02 -1.875000000000000000e+02 9.250000000000000000e+01 1.125000000000000000e+02 -1.368452494208166570e+01 1.000000000000000000e+00
-2.075000000000000000e+02 -1.875000000000000000e+02 1.125000000000000000e+02 1.325000000000000000e+02 4.876723635205696894e+01 1.000000000000000000e+00
-2.075000000000000000e+02 -1.875000000000000000e+02 1.325000000000000000e+02 1.525000000000000000e+02 -1.890113702440057963e+01 1.000000000000000000e+00
-2.075000000000000000e+02 -1.875000000000000000e+02 1.525000000000000000e+02 1.725000000000000000e+02 -9.798122137456942937e+00 1.000000000000000000e+00
-2.075000000000000000e+02 -1.875000000000000000e+02 1.725000000000000000e+02 1.925000000000000000e+02 -6.629917708294036593e+00 1.000000000000000000e+00
-2.075000000000000000e+02 -1.875000000000000000e+02 1.925000000000000000e+02 2.125000000000000000e+02 -5.358720909195238136e+00 1.000000000000000000e+00
-1.875000000000000000e+02 -1.675000000000000000e+02 -1.475000000000000000e+02 -1.275000000000000000e+02 7.117901727868500927e+01 1.000000000000000000e+00
-1.875000000000000000e+02 -1.675000000000000000e+02 -1.275000000000000000e+02 -1.075000000000000000e+02 -4.564055822117044414e+00 1.000000000000000000e+00
-1.875000000000000000e+02 -1.675000000000000000e+02 -1.075000000000000000e+02 -8.750000000000000000e+01 -9.430581044207135832e+00 1.000000000000000000e+00
-1.875000000000000000e+02 -1.675000000000000000e+02 -8.750000000000000000e+01 -6.750000000000000000e+01 -1.338142300171043608e+01 1.000000000000000000e+00
-1.875000000000000000e+02 -1.675000000000000000e+02 -6.750000000000000000e+01 -4.750000000000000000e+01 3.281388263396574967e+00 1.000000000000000000e+00
-1.875000000000000000e+02 -1.675000000000000000e+02 -4.750000000000000000e+01 -2.750000000000000000e+01 -2.842691575408191440e+01 1.000000000000000000e+00
-1.875000000000000000e+02 -1.675000000000000000e+02 -2.750000000000000000e+01 -7.500000000000000000e+00 -3.216164348569454212e+00 1.000000000000000000e+00
-1.875000000000000000e+02 -1.675000000000000000e+02 -7.500000000000000000e+00 1.250000000000000000e+01 1.963291378679414123e+01 1.000000000000000000e+00
-1.875000000000000000e+02 -1.675000000000000000e+02 1.250000000000000000e+01 3.250000000000000000e+01 7.714173058999527655e+00 1.000000000000000000e+00
-1.875000000000000000e+02 -1.675000000000000000e+02 3.250000000000000000e+01 5.250000000000000000e+01 -5.700727668054851094e+00 1.000000000000000000e+00
-1.875000000000000000e+02 -1.675000000000000000e+02 5.250000000000000000e+01 7.250000000000000000e+01 -8.953570209763823229e+00 1.000000000000000000e+00
-1.875000000000000000e+02 -1.675000000000000000e+02 7.250000000000000000e+01 9.250000000000000000e+01 -1.200248588104213354e+01 1.000000000000000000e+00
-1.875000000000000000e+02 -1.675000000000000000e+02 9.250000000000000000e+01 1.125000000000000000e+02 -1.637690836077425516e+01 1.000000000000000000e+00
-1.875000000000000000e+02 -1.675000000000000000e+02 1.125000000000000000e+02 1.325000000000000000e+02 4.628012497187389584e+01 1.000000000000000000e+00
-1.875000000000000000e+02 -1.675000000000000000e+02 1.325000000000000000e+02 1.525000000000000000e+02 -2.174305716838351188e+01 1.000000000000000000e+00
-1.875000000000000000e+02 -1.675000000000000000e+02 1.525000000000000000e+02 1.725000000000000000e+02 -1.263589178015643277e+01 1.000000000000000000e+00
-1.875000000000000000e+02 -1.675000000000000000e+02 1.725000000000000000e+02 1.925000000000000000e+02 -9.426778892199262572e+00 1.000000000000000000e+00
-1.875000000000000000e+02 -1.675000000000000000e+02 1.925000000000000000e+02 2.125000000000000000e+02 -8.125477925540977253e+00 1.000000000000000000e+00
-1.675000000000000000e+02 -1.475000000000000000e+02 -1.275000000000000000e+02 -1.075000000000000000e+02 1.720722011340838264e+01 1.000000000000000000e+00
-1.675000000000000000e+02 -1.475000000000000000e+02 -1.075000000000000000e+02 -8.750000000000000000e+01 1.782398144558045905e+00 1.000000000000000000e+00
-1.675000000000000000e+02 -1.475000000000000000e+02 -8.750000000000000000e+01 -6.750000000000000000e+01 -6.318123929231354907e+00 1.000000000000000000e+00
-1.675000000000000000e+02 -1.475000000000000000e+02 -6.750000000000000000e+01 -4.750000000000000000e+01 7.635972353614591590e+00 1.000000000000000000e+00
-1.675000000000000000e+02 -1.475000000000000000e+02 -4.750000000000000000e+01 -2.750000000000000000e+01 -2.706730058555020690e+01 1.000000000000000000e+00
-1.675000000000000000e+02 -1.475000000000000000e+02 -2.750000000000000000e+01 -7.500000000000000000e+00 -2.234927584702405934e+00 1.000000000000000000e+00
-1.675000000000000000e+02 -1.475000000000000000e+02 -7.500000000000000000e+00 1.250000000000000000e+01 2.033613888217287879e+01 1.000000000000000000e+00
-1.675000000000000000e+02 -1.475000000000000000e+02 1.250000000000000000e+01 3.250000000000000000e+01 8.874580855797464807e+00 1.000000000000000000e+00
-1.675000000000000000e+02 -1.475000000000000000e+02 3.250000000000000000e+01 5.250000000000000000e+01 -5.004576757366383966e+00 1.000000000000000000e+00
-1.675000000000000000e+02 -1.475000000000000000e+02 5.250000000000000000e+01 7.250000000000000000e+01 -8.574805517397424026e+00 1.000000000000000000e+00
-1.675000000000000000e+02 -1.475000000000000000e+02 7.250000000000000000e+01 9.250000000000000000e+01 -1.182758419637290537e+01 1.000000000000000000e+00
-1.675000000000000000e+02 -1.475000000000000000e+02 9.250000000000000000e+01 1.125000000000000000e+02 -1.642174650730051511e+01 1.000000000000000000e+00
-1.675000000000000000e+02 -1.475000000000000000e+02 1.125000000000000000e+02 1.325000000000000000e+02 4.616168094094570051e+01 1.000000000000000000e+00
-1.675000000000000000e+02 -1.475000000000000000e+02 1.325000000000000000e+02 1.525000000000000000e+02 -2.213516742999134479e+01 1.000000000000000000e+00
-1.675000000000000000e+02 -1.475000000000000000e+02 1.525000000000000000e+02 1.725000000000000000e+02 -1.313539186116903146e+01 1.000000000000000000e+00
-1.675000000000000000e+02 -1.475000000000000000e+02 1.725000000000000000e+02 1.925000000000000000e+02 -9.978237428860587954e+00 1.000000000000000000e+00
-1.675000000000000000e+02 -1.475000000000000000e+02 1.925000000000000000e+02 2.125000000000000000e+02 -8.725699566830682485e+00 1.000000000000000000e+00
-1.475000000000000000e+02 -1.275000000000000000e+02 -1.075000000000000000e+02 -8.750000000000000000e+01 3.080170826913350623e+01 1.000000000000000000e+00
-1.475000000000000000e+02 -1.275000000000000000e+02 -8.750000000000000000e+01 -6.750000000000000000e+01 3.461662172332125209e+01 1.000000000000000000e+00
-1.475000000000000000e+02 -1.275000000000000000e+02 -6.750000000000000000e+01 -4.750000000000000000e+01 5.267686396706366736e+01 1.000000000000000000e+00
-1.475000000000000000e+02 -1.275000000000000000e+02 -4.750000000000000000e+01 -2.750000000000000000e+01 1.993971908425833561e+01 1.000000000000000000e+00
-1.475000000000000000e+02 -1.275000000000000000e+02 -2.750000000000000000e+01 -7.500000000000000000e+00 4.515901176478054424e+01 1.000000000000000000e+00
-1.475000000000000000e+02 -1.275000000000000000e+02 -7.500000000000000000e+00 1.250000000000000000e+01 6.844578062489053139e+01 1.000000000000000000e+00
-1.475000000000000000e+02 -1.275000000000000000e+02 1.250000000000000000e+01 3.250000000000000000e+01 6.176255110830487638e+01 1.000000000000000000e+00
-1.475000000000000000e+02 -1.275000000000000000e+02 3.250000000000000000e+01 5.250000000000000000e+01 4.913717121436062740e+01 1.000000000000000000e+00
-1.475000000000000000e+02 -1.275000000000000000e+02 5.250000000000000000e+01 7.250000000000000000e+01 4.567176749408848480e+01 1.000000000000000000e+00
-1.475000000000000000e+02 -1.275000000000000000e+02 7.250000000000000000e+01 9.250000000000000000e+01 4.262109150091018250e+01 1.000000000000000000e+00
-1.475000000000000000e+02 -1.275000000000000000e+02 9.250000000000000000e+01 1.125000000000000000e+02 3.826863341801861651e+01 1.000000000000000000e+00
-1.475000000000000000e+02 -1.275000000000000000e+02 1.125000000000000000e+02 1.325000000000000000e+02 9.768457755814142729e+01 1.000000000000000000e+00
-1.475000000000000000e+02 -1.275000000000000000e+02 1.325000000000000000e+02 1.525000000000000000e+02 3.298726637874145240e+01 1.000000000000000000e+00
-1.475000000000000000e+02 -1.275000000000000000e+02 1.525000000000000000e+02 1.725000000000000000e+02 4.160045978431472236e+01 1.000000000000000000e+00
-1.475000000000000000e+02 -1.275000000000000000e+02 1.725000000000000000e+02 1.925000000000000000e+02 4.475423027481924265e+01 1.000000000000000000e+00
-1.475000000000000000e+02 -1.275000000000000000e+02 1.925000000000000000e+02 2.125000000000000000e+02 4.609081432825729507e+01 1.000000000000000000e+00
-1.275000000000000000e+02 -1.075000000000000000e+02 -8.750000000000000000e+01 -6.750000000000000000e+01 -6.022099936279913024e+00 1.000000000000000000e+00
-1.275000000000000000e+02 -1.075000000000000000e+02 -6.750000000000000000e+01 -4.750000000000000000e+01 6.340261383842013210e+00 1.000000000000000000e+00
-1.275000000000000000e+02 -1.075000000000000000e+02 -4.750000000000000000e+01 -2.750000000000000000e+01 -3.661395478860848129e+01 1.000000000000000000e+00
-1.275000000000000000e+02 -1.075000000000000000e+02 -2.750000000000000000e+01 -7.500000000000000000e+00 -1.027414479061033070e+01 1.000000000000000000e+00
-1.275000000000000000e+02 -1.075000000000000000e+02 -7.500000000000000000e+00 1.250000000000000000e+01 1.348006466707865947e+01 1.000000000000000000e+00
-1.275000000000000000e+02 -1.075000000000000000e+02 1.250000000000000000e+01 3.250000000000000000e+01 7.197536271895601523e+00 1.000000000000000000e+00
-1.275000000000000000e+02 -1.075000000000000000e+02 3.250000000000000000e+01 5.250000000000000000e+01 -6.853068001316135138e+00 1.000000000000000000e+00
-1.275000000000000000e+02 -1.075000000000000000e+02 5.250000000000000000e+01 7.250000000000000000e+01 -1.114157600370525181e+01 1.000000000000000000e+00
-1.275000000000000000e+02 -1.075000000000000000e+02 7.250000000000000000e+01 9.250000000000000000e+01 -1.483212146284830979e+01 1.000000000000000000e+00
-1.275000000000000000e+02 -1.075000000000000000e+02 9.250000000000000000e+01 1.125000000000000000e+02 -1.988105324141790575e+01 1.000000000000000000e+00
-1.275000000000000000e+02 -1.075000000000000000e+02 1.125000000000000000e+02 1.325000000000000000e+02 4.288199270561052856e+01 1.000000000000000000e+00
-1.275000000000000000e+02 -1.075000000000000000e+02 1.325000000000000000e+02 1.525000000000000000e+02 -2.616814017977636553e+01 1.000000000000000000e+00
-1.275000000000000000e+02 -1.075000000000000000e+02 1.525000000000000000e+02 1.725000000000000000e+02 -1.728045919827905408e+01 1.000000000000000000e+00
-1.275000000000000000e+02 -1.075000000000000000e+02 1.725000000000000000e+02 1.925000000000000000e+02 -1.410606351312189588e+01 1.000000000000000000e+00
-1.275000000000000000e+02 -1.075000000000000000e+02 1.925000000000000000e+02 2.125000000000000000e+02 -1.283987948211312080e+01 1.000000000000000000e+00
-1.075000000000000000e+02 -8.750000000000000000e+01 -6.750000000000000000e+01 -4.750000000000000000e+01 1.107758033619342086e+01 1.000000000000000000e+00
-1.075000000000000000e+02 -8.750000000000000000e+01 -4.750000000000000000e+01 -2.750000000000000000e+01 -4.307734652906293604e+01 1.000000000000000000e+00
-1.075000000000000000e+02 -8.750000000000000000e+01 -2.750000000000000000e+01 -7.500000000000000000e+00 -1.341792135255533047e+01 1.000000000000000000e+00
-1.075000000000000000e+02 -8.750000000000000000e+01 -7.500000000000000000e+00 1.250000000000000000e+01 1.142682670392687960e+01 1.000000000000000000e+00
-1.075000000000000000e+02 -8.750000000000000000e+01 1.250000000000000000e+01 3.250000000000000000e+01 9.871963108172300494e+00 1.000000000000000000e+00
-1.075000000000000000e+02 -8.750000000000000000e+01 3.250000000000000000e+01 5.250000000000000000e+01 -3.593817199838972076e+00 1.000000000000000000e+00
-1.075000000000000000e+02 -8.750000000000000000e+01 5.250000000000000000e+01 7.250000000000000000e+01 -8.193111934749866876e+00 1.000000000000000000e+00
-1.075000000000000000e+02 -8.750000000000000000e+01 7.250000000000000000e+01 9.250000000000000000e+01 -1.207062513058282427e+01 1.000000000000000000e+00
-1.075000000000000000e+02 -8.750000000000000000e+01 9.250000000000000000e+01 1.125000000000000000e+02 -1.731712991410845959e+01 1.000000000000000000e+00
-1.075000000000000000e+02 -8.750000000000000000e+01 1.125000000000000000e+02 1.325000000000000000e+02 4.527990546103804093e+01 1.000000000000000000e+00
-1.075000000000000000e+02 -8.750000000000000000e+01 1.325000000000000000e+02 1.525000000000000000e+02 -2.388249128195278459e+01 1.000000000000000000e+00
-1.075000000000000000e+02 -8.750000000000000000e+01 1.525000000000000000e+02 1.725000000000000000e+02 -1.507608963243096589e+01 1.000000000000000000e+00
-1.075000000000000000e+02 -8.750000000000000000e+01 1.725000000000000000e+02 1.925000000000000000e+02 -1.188794486696860986e+01 1.000000000000000000e+00
-1.075000000000000000e+02 -8.750000000000000000e+01 1.925000000000000000e+02 2.125000000000000000e+02 -1.060448908420349490e+01 1.000000000000000000e+00
-8.750000000000000000e+01 -6.750000000000000000e+01 -4.750000000000000000e+01 -2.750000000000000000e+01 -8.228396612006283917e+00 1.000000000000000000e+00
-8.750000000000000000e+01 -6.750000000000000000e+01 -2.750000000000000000e+01 -7.500000000000000000e+00 -7.029884784660964669e+00 1.000000000000000000e+00
-8.750000000000000000e+01 -6.750000000000000000e+01 -7.500000000000000000e+00 1.250000000000000000e+01 8.986309113114174352e+00 1.000000000000000000e+00
-8.750000000000000000e+01 -6.750000000000000000e+01 1.250000000000000000e+01 3.250000000000000000e+01 1.194197511567750247e+01 1.000000000000000000e+00
-8.750000000000000000e+01 -6.750000000000000000e+01 3.250000000000000000e+01 5.250000000000000000e+01 -1.130878987573426198e+00 1.000000000000000000e+00
-8.750000000000000000e+01 -6.750000000000000000e+01 5.250000000000000000e+01 7.250000000000000000e+01 -7.060935555005774411e+00 1.000000000000000000e+00
-8.750000000000000000e+01 -6.750000000000000000e+01 7.250000000000000000e+01 9.250000000000000000e+01 -1.185439648243907129e+01 1.000000000000000000e+00
-8.750000000000000000e+01 -6.750000000000000000e+01 9.250000000000000000e+01 1.125000000000000000e+02 -1.786506545691356607e+01 1.000000000000000000e+00
-8.750000000000000000e+01 -6.750000000000000000e+01 1.125000000000000000e+02 1.325000000000000000e+02 4.441760853610821869e+01 1.000000000000000000e+00
-8.750000000000000000e+01 -6.750000000000000000e+01 1.325000000000000000e+02 1.525000000000000000e+02 -2.547885571483372402e+01 1.000000000000000000e+00
-8.750000000000000000e+01 -6.750000000000000000e+01 1.525000000000000000e+02 1.725000000000000000e+02 -1.696818945172842064e+01 1.000000000000000000e+00
-8.750000000000000000e+01 -6.750000000000000000e+01 1.725000000000000000e+02 1.925000000000000000e+02 -1.392627385611317870e+01 1.000000000000000000e+00
-8.750000000000000000e+01 -6.750000000000000000e+01 1.925000000000000000e+02 2.125000000000000000e+02 -1.275994021163907810e+01 1.000000000000000000e+00
-6.750000000000000000e+01 -4.750000000000000000e+01 -2.750000000000000000e+01 -7.500000000000000000e+00 1.051998658256712638e+01 1.000000000000000000e+00
-6.750000000000000000e+01 -4.750000000000000000e+01 -7.500000000000000000e+00 1.250000000000000000e+01 2.301716586651125596e+01 1.000000000000000000e+00
-6.750000000000000000e+01 -4.750000000000000000e+01 1.250000000000000000e+01 3.250000000000000000e+01 3.133971948446292188e+01 1.000000000000000000e+00
-6.750000000000000000e+01 -4.750000000000000000e+01 3.250000000000000000e+01 5.250000000000000000e+01 2.201658273711075609e+01 1.000000000000000000e+00
-6.750000000000000000e+01 -4.750000000000000000e+01 5.250000000000000000e+01 7.250000000000000000e+01 1.558520155272650065e+01 1.000000000000000000e+00
-6.750000000000000000e+01 -4.750000000000000000e+01 7.250000000000000000e+01 9.250000000000000000e+01 1.016615000026071236e+01 1.000000000000000000e+00
-6.750000000000000000e+01 -4.750000000000000000e+01 9.250000000000000000e+01 1.125000000000000000e+02 3.597824160471100985e+00 1.000000000000000000e+00
-6.750000000000000000e+01 -4.750000000000000000e+01 1.125000000000000000e+02 1.325000000000000000e+02 6.420415161556420003e+01 1.000000000000000000e+00
-6.750000000000000000e+01 -4.750000000000000000e+01 1.325000000000000000e+02 1.525000000000000000e+02 -4.911613914899119138e+00 1.000000000000000000e+00
-6.750000000000000000e+01 -4.750000000000000000e+01 1.525000000000000000e+02 1.725000000000000000e+02 3.114106473611402137e+00 1.000000000000000000e+00
-6.750000000000000000e+01 -4.750000000000000000e+01 1.725000000000000000e+02 1.925000000000000000e+02 5.922534542190498463e+00 1.000000000000000000e+00
-6.750000000000000000e+01 -4.750000000000000000e+01 1.925000000000000000e+02 2.125000000000000000e+02 6.922868158128928862e+00 1.000000000000000000e+00
-4.750000000000000000e+01 -2.750000000000000000e+01 -7.500000000000000000e+00 1.250000000000000000e+01 6.395007737223658006e-01 1.000000000000000000e+00
-4.750000000000000000e+01 -2.750000000000000000e+01 1.250000000000000000e+01 3.250000000000000000e+01 8.553646957424698272e+00 1.000000000000000000e+00
-4.750000000000000000e+01 -2.750000000000000000e+01 3.250000000000000000e+01 5.250000000000000000e+01 1.078876236886563866e+01 1.000000000000000000e+00
-4.750000000000000000e+01 -2.750000000000000000e+01 5.250000000000000000e+01 7.250000000000000000e+01 5.750187770231238282e+00 1.000000000000000000e+00
-4.750000000000000000e+01 -2.750000000000000000e+01 7.250000000000000000e+01 9.250000000000000000e+01 -9.461927906237677099e-01 1.000000000000000000e+00
-4.750000000000000000e+01 -2.750000000000000000e+01 9.250000000000000000e+01 1.125000000000000000e+02 -9.203190186004537310e+00 1.000000000000000000e+00
-4.750000000000000000e+01 -2.750000000000000000e+01 1.125000000000000000e+02 1.325000000000000000e+02 5.122752536013327784e+01 1.000000000000000000e+00
-4.750000000000000000e+01 -2.750000000000000000e+01 1.325000000000000000e+02 1.525000000000000000e+02 -2.025554792960442541e+01 1.000000000000000000e+00
-4.750000000000000000e+01 -2.750000000000000000e+01 1.525000000000000000e+02 1.725000000000000000e+02 -1.297663561096809737e+01 1.000000000000000000e+00
-4.750000000000000000e+01 -2.750000000000000000e+01 1.725000000000000000e+02 1.925000000000000000e+02 -1.069523248259722870e+01 1.000000000000000000e+00
-4.750000000000000000e+01 -2.750000000000000000e+01 1.925000000000000000e+02 2.125000000000000000e+02 -1.015007704734485472e+01 1.000000000000000000e+00
-2.750000000000000000e+01 -7.500000000000000000e+00 1.250000000000000000e+01 3.250000000000000000e+01 2.408555802946857671e+00 1.000000000000000000e+00
-2.750000000000000000e+01 -7.500000000000000000e+00 3.250000000000000000e+01 5.250000000000000000e+01 1.379974888233427421e+01 1.000000000000000000e+00
-2.750000000000000000e+01 -7.500000000000000000e+00 5.250000000000000000e+01 7.250000000000000000e+01 2.112133199627724167e+01 1.000000000000000000e+00
-2.750000000000000000e+01 -7.500000000000000000e+00 7.250000000000000000e+01 9.250000000000000000e+01 2.095545241360578714e+01 1.000000000000000000e+00
-2.750000000000000000e+01 -7.500000000000000000e+00 9.250000000000000000e+01 1.125000000000000000e+02 1.523180271285355225e+01 1.000000000000000000e+00
-2.750000000000000000e+01 -7.500000000000000000e+00 1.125000000000000000e+02 1.325000000000000000e+02 7.596025040427706188e+01 1.000000000000000000e+00
-2.750000000000000000e+01 -7.500000000000000000e+00 1.325000000000000000e+02 1.525000000000000000e+02 6.216676219855940211e+00 1.000000000000000000e+00
-2.750000000000000000e+01 -7.500000000000000000e+00 1.525000000000000000e+02 1.725000000000000000e+02 1.329084366137916895e+01 1.000000000000000000e+00
-2.750000000000000000e+01 -7.500000000000000000e+00 1.725000000000000000e+02 1.925000000000000000e+02 1.574884473707497889e+01 1.000000000000000000e+00
-2.750000000000000000e+01 -7.500000000000000000e+00 1.925000000000000000e+02 2.125000000000000000e+02 1.643953426524621619e+01 1.000000000000000000e+00
-7.500000000000000000e+00 1.250000000000000000e+01 3.250000000000000000e+01 5.250000000000000000e+01 3.350558221236957568e+00 1.000000000000000000e+00
-7.500000000000000000e+00 1.250000000000000000e+01 5.250000000000000000e+01 7.250000000000000000e+01 9.735130167405474211e+00 1.000000000000000000e+00
-7.500000000000000000e+00 1.250000000000000000e+01 7.250000000000000000e+01 9.250000000000000000e+01 1.303845935959820501e+01 1.000000000000000000e+00
-7.500000000000000000e+00 1.250000000000000000e+01 9.250000000000000000e+01 1.125000000000000000e+02 1.039635951122052759e+01 1.000000000000000000e+00
-7.500000000000000000e+00 1.250000000000000000e+01 1.125000000000000000e+02 1.325000000000000000e+02 7.510053709479363704e+01 1.000000000000000000e+00
-7.500000000000000000e+00 1.250000000000000000e+01 1.325000000000000000e+02 1.525000000000000000e+02 6.244443133413158264e+00 1.000000000000000000e+00
-7.500000000000000000e+00 1.250000000000000000e+01 1.525000000000000000e+02 1.725000000000000000e+02 1.447196523169054316e+01 1.000000000000000000e+00
-7.500000000000000000e+00 1.250000000000000000e+01 1.725000000000000000e+02 1.925000000000000000e+02 1.855530537238954025e+01 1.000000000000000000e+00
-7.500000000000000000e+00 1.250000000000000000e+01 1.925000000000000000e+02 2.125000000000000000e+02 2.063609118659372399e+01 1.000000000000000000e+00
1.250000000000000000e+01 3.250000000000000000e+01 5.250000000000000000e+01 7.250000000000000000e+01 -1.072319843204001533e-01 1.000000000000000000e+00
1.250000000000000000e+01 3.250000000000000000e+01 7.250000000000000000e+01 9.250000000000000000e+01 -9.222892315659882989e-01 1.000000000000000000e+00
1.250000000000000000e+01 3.250000000000000000e+01 9.250000000000000000e+01 1.125000000000000000e+02 -6.282276347965178864e+00 1.000000000000000000e+00
1.250000000000000000e+01 3.250000000000000000e+01 1.125000000000000000e+02 1.325000000000000000e+02 5.840683061595500902e+01 1.000000000000000000e+00
1.250000000000000000e+01 3.250000000000000000e+01 1.325000000000000000e+02 1.525000000000000000e+02 -1.363726155988110378e+01 1.000000000000000000e+00
1.250000000000000000e+01 3.250000000000000000e+01 1.525000000000000000e+02 1.725000000000000000e+02 -6.343034883689753656e+00 1.000000000000000000e+00
1.250000000000000000e+01 3.250000000000000000e+01 1.725000000000000000e+02 1.925000000000000000e+02 -2.539171723012880744e+00 1.000000000000000000e+00
1.250000000000000000e+01 3.250000000000000000e+01 1.925000000000000000e+02 2.125000000000000000e+02 -5.947675221844755944e-01 1.000000000000000000e+00
3.250000000000000000e+01 5.250000000000000000e+01 7.250000000000000000e+01 9.250000000000000000e+01 -1.433324605366036009e+00 1.000000000000000000e+00
3.250000000000000000e+01 5.250000000000000000e+01 9.250000000000000000e+01 1.125000000000000000e+02 -7.928859473595988305e+00 1.000000000000000000e+00
3.250000000000000000e+01 5.250000000000000000e+01 1.125000000000000000e+02 1.325000000000000000e+02 5.626692222806209998e+01 1.000000000000000000e+00
3.250000000000000000e+01 5.250000000000000000e+01 1.325000000000000000e+02 1.525000000000000000e+02 -1.803213096107963409e+01 1.000000000000000000e+00
3.250000000000000000e+01 5.250000000000000000e+01 1.525000000000000000e+02 1.725000000000000000e+02 -1.204409318142475094e+01 1.000000000000000000e+00
3.250000000000000000e+01 5.250000000000000000e+01 1.725000000000000000e+02 1.925000000000000000e+02 -8.717265047366488773e+00 1.000000000000000000e+00
3.250000000000000000e+01 5.250000000000000000e+01 1.925000000000000000e+02 2.125000000000000000e+02 -7.087357930318224142e+00 1.000000000000000000e+00
5.250000000000000000e+01 7.250000000000000000e+01 9.250000000000000000e+01 1.125000000000000000e+02 -5.178239476040301881e+00 1.000000000000000000e+00
5.250000000000000000e+01 7.250000000000000000e+01 1.125000000000000000e+02 1.325000000000000000e+02 5.945258252619120043e+01 1.000000000000000000e+00
5.250000000000000000e+01 7.250000000000000000e+01 1.325000000000000000e+02 1.525000000000000000e+02 -1.678039659430427832e+01 1.000000000000000000e+00
5.250000000000000000e+01 7.250000000000000000e+01 1.525000000000000000e+02 1.725000000000000000e+02 -1.266027230972672868e+01 1.000000000000000000e+00
5.250000000000000000e+01 7.250000000000000000e+01 1.725000000000000000e+02 1.925000000000000000e+02 -9.571898688459317128e+00 1.000000000000000000e+00
5.250000000000000000e+01 7.250000000000000000e+01 1.925000000000000000e+02 2.125000000000000000e+02 -7.910831145812600163e+00 1.000000000000000000e+00
7.250000000000000000e+01 9.250000000000000000e+01 1.125000000000000000e+02 1.325000000000000000e+02 6.348320044371194371e+01 1.000000000000000000e+00
7.250000000000000000e+01 9.250000000000000000e+01 1.325000000000000000e+02 1.525000000000000000e+02 -1.455614145075037236e+01 1.000000000000000000e+00
7.250000000000000000e+01 9.250000000000000000e+01 1.525000000000000000e+02 1.725000000000000000e+02 -1.472678039924830884e+01 1.000000000000000000e+00
7.250000000000000000e+01 9.250000000000000000e+01 1.725000000000000000e+02 1.925000000000000000e+02 -1.266221061532608338e+01 1.000000000000000000e+00
7.250000000000000000e+01 9.250000000000000000e+01 1.925000000000000000e+02 2.125000000000000000e+02 -1.120922178535377967e+01 1.000000000000000000e+00
9.250000000000000000e+01 1.125000000000000000e+02 1.325000000000000000e+02 1.525000000000000000e+02 1.087285658910181674e+01 1.000000000000000000e+00
9.250000000000000000e+01 1.125000000000000000e+02 1.525000000000000000e+02 1.725000000000000000e+02 -2.547288064790196760e+00 1.000000000000000000e+00
9.250000000000000000e+01 1.125000000000000000e+02 1.725000000000000000e+02 1.925000000000000000e+02 -5.946832124089636906e+00 1.000000000000000000e+00
9.250000000000000000e+01 1.125000000000000000e+02 1.925000000000000000e+02 2.125000000000000000e+02 -7.218816167161418385e+00 1.000000000000000000e+00
1.125000000000000000e+02 1.325000000000000000e+02 1.525000000000000000e+02 1.725000000000000000e+02 3.579801680827796417e+01 1.000000000000000000e+00
1.125000000000000000e+02 1.325000000000000000e+02 1.725000000000000000e+02 1.925000000000000000e+02 4.211096593428725043e+01 1.000000000000000000e+00
1.125000000000000000e+02 1.325000000000000000e+02 1.925000000000000000e+02 2.125000000000000000e+02 4.479630074606736656e+01 1.000000000000000000e+00
1.325000000000000000e+02 1.525000000000000000e+02 1.725000000000000000e+02 1.925000000000000000e+02 -4.697992075149612035e+00 1.000000000000000000e+00
1.325000000000000000e+02 1.525000000000000000e+02 1.925000000000000000e+02 2.125000000000000000e+02 -7.031121457603259017e+00 1.000000000000000000e+00
1.525000000000000000e+02 1.725000000000000000e+02 1.925000000000000000e+02 2.125000000000000000e+02 -4.207196266297199005e-01 1.000000000000000000e+00
