  -1.5800000e+02  -1.5000000e+02   1.0000000e+00   4.0000000e+02   1.2701000e+01   8.8959000e+01   1.1270100e+01   1.8895900e+01
  -1.5800000e+02  -1.5000000e+02   1.0000000e+00   9.0000000e+02   3.7921000e+01   1.8199000e+02   1.3792100e+01   2.8199000e+01
  -1.5800000e+02  -1.5000000e+02   1.0000000e+00   2.1000000e+03   1.0651000e+02   3.6907000e+02   2.0651000e+01   4.6907000e+01
  -1.5800000e+02  -1.5000000e+02   1.0000000e+00   5.0000000e+03   2.8649000e+02   7.1914000e+02   3.8649000e+01   8.1914000e+01
  -1.5800000e+02  -1.5000000e+02   1.0000000e+00   1.2000000e+04   7.1360000e+02   1.2914000e+03   8.1360000e+01   1.3914000e+02
  -1.5800000e+02  -1.5000000e+02   1.0000000e+00   2.6000000e+04   1.4492000e+03   1.9645000e+03   1.5492000e+02   2.0645000e+02
  -1.5800000e+02  -1.5000000e+02   1.0000000e+00   6.0000000e+04   2.7566000e+03   2.7256000e+03   2.8566000e+02   2.8256000e+02
  -1.5800000e+02  -1.5000000e+02   1.0000000e+00   1.4000000e+05   4.5928000e+03   3.2734000e+03   4.6928000e+02   3.3734000e+02
  -1.5800000e+02  -1.1250000e+02   2.0000000e+00   4.0000000e+02   1.2701000e+01   8.9180000e+01   1.1270100e+01   1.8918000e+01
  -1.5800000e+02  -1.1250000e+02   2.0000000e+00   9.0000000e+02   3.8284000e+01   1.8225000e+02   1.3828400e+01   2.8225000e+01
  -1.5800000e+02  -1.1250000e+02   2.0000000e+00   2.1000000e+03   1.0723000e+02   3.6907000e+02   2.0723000e+01   4.6907000e+01
  -1.5800000e+02  -1.1250000e+02   2.0000000e+00   5.0000000e+03   2.8704000e+02   7.1809000e+02   3.8704000e+01   8.1809000e+01
  -1.5800000e+02  -1.1250000e+02   2.0000000e+00   1.2000000e+04   7.1342000e+02   1.2900000e+03   8.1342000e+01   1.3900000e+02
  -1.5800000e+02  -1.1250000e+02   2.0000000e+00   2.6000000e+04   1.4486000e+03   1.9622000e+03   1.5486000e+02   2.0622000e+02
  -1.5800000e+02  -1.1250000e+02   2.0000000e+00   6.0000000e+04   2.7546000e+03   2.7212000e+03   2.8546000e+02   2.8212000e+02
  -1.5800000e+02  -1.1250000e+02   2.0000000e+00   1.4000000e+05   4.5873000e+03   3.2671000e+03   4.6873000e+02   3.3671000e+02
  -1.5800000e+02  -7.5000000e+01   3.0000000e+00   4.0000000e+02   1.3064000e+01   8.9617000e+01   1.1306400e+01   1.8961700e+01
  -1.5800000e+02  -7.5000000e+01   3.0000000e+00   9.0000000e+02   3.8647000e+01   1.8304000e+02   1.3864700e+01   2.8304000e+01
  -1.5800000e+02  -7.5000000e+01   3.0000000e+00   2.1000000e+03   1.0868000e+02   3.7006000e+02   2.0868000e+01   4.7006000e+01
  -1.5800000e+02  -7.5000000e+01   3.0000000e+00   5.0000000e+03   2.8867000e+02   7.1827000e+02   3.8867000e+01   8.1827000e+01
  -1.5800000e+02  -7.5000000e+01   3.0000000e+00   1.2000000e+04   7.1397000e+02   1.2912000e+03   8.1397000e+01   1.3912000e+02
  -1.5800000e+02  -7.5000000e+01   3.0000000e+00   2.6000000e+04   1.4493000e+03   1.9662000e+03   1.5493000e+02   2.0662000e+02
  -1.5800000e+02  -7.5000000e+01   3.0000000e+00   6.0000000e+04   2.7579000e+03   2.7297000e+03   2.8579000e+02   2.8297000e+02
  -1.5800000e+02  -7.5000000e+01   3.0000000e+00   1.4000000e+05   4.5959000e+03   3.2811000e+03   4.6959000e+02   3.3811000e+02
  -1.5800000e+02  -3.7500000e+01   4.0000000e+00   4.0000000e+02   1.3245000e+01   8.9874000e+01   1.1324500e+01   1.8987400e+01
  -1.5800000e+02  -3.7500000e+01   4.0000000e+00   9.0000000e+02   3.9191000e+01   1.8357000e+02   1.3919100e+01   2.8357000e+01
  -1.5800000e+02  -3.7500000e+01   4.0000000e+00   2.1000000e+03   1.0995000e+02   3.7063000e+02   2.0995000e+01   4.7063000e+01
  -1.5800000e+02  -3.7500000e+01   4.0000000e+00   5.0000000e+03   2.9049000e+02   7.1727000e+02   3.9049000e+01   8.1727000e+01
  -1.5800000e+02  -3.7500000e+01   4.0000000e+00   1.2000000e+04   7.1397000e+02   1.2890000e+03   8.1397000e+01   1.3890000e+02
  -1.5800000e+02  -3.7500000e+01   4.0000000e+00   2.6000000e+04   1.4486000e+03   1.9641000e+03   1.5486000e+02   2.0641000e+02
  -1.5800000e+02  -3.7500000e+01   4.0000000e+00   6.0000000e+04   2.7566000e+03   2.7267000e+03   2.8566000e+02   2.8267000e+02
  -1.5800000e+02  -3.7500000e+01   4.0000000e+00   1.4000000e+05   4.5941000e+03   3.2752000e+03   4.6941000e+02   3.3752000e+02
  -1.5800000e+02   0.0000000e+00   5.0000000e+00   4.0000000e+02   1.3245000e+01   9.0083000e+01   1.1324500e+01   1.9008300e+01
  -1.5800000e+02   0.0000000e+00   5.0000000e+00   9.0000000e+02   3.9372000e+01   1.8397000e+02   1.3937200e+01   2.8397000e+01
  -1.5800000e+02   0.0000000e+00   5.0000000e+00   2.1000000e+03   1.1068000e+02   3.7103000e+02   2.1068000e+01   4.7103000e+01
  -1.5800000e+02   0.0000000e+00   5.0000000e+00   5.0000000e+03   2.9176000e+02   7.1660000e+02   3.9176000e+01   8.1660000e+01
  -1.5800000e+02   0.0000000e+00   5.0000000e+00   1.2000000e+04   7.1451000e+02   1.2867000e+03   8.1451000e+01   1.3867000e+02
  -1.5800000e+02   0.0000000e+00   5.0000000e+00   2.6000000e+04   1.4477000e+03   1.9606000e+03   1.5477000e+02   2.0606000e+02
  -1.5800000e+02   0.0000000e+00   5.0000000e+00   6.0000000e+04   2.7532000e+03   2.7212000e+03   2.8532000e+02   2.8212000e+02
  -1.5800000e+02   0.0000000e+00   5.0000000e+00   1.4000000e+05   4.5854000e+03   3.2690000e+03   4.6854000e+02   3.3690000e+02
  -1.5800000e+02   3.7500000e+01   6.0000000e+00   4.0000000e+02   1.3064000e+01   8.9874000e+01   1.1306400e+01   1.8987400e+01
  -1.5800000e+02   3.7500000e+01   6.0000000e+00   9.0000000e+02   3.9010000e+01   1.8357000e+02   1.3901000e+01   2.8357000e+01
  -1.5800000e+02   3.7500000e+01   6.0000000e+00   2.1000000e+03   1.0977000e+02   3.7064000e+02   2.0977000e+01   4.7064000e+01
  -1.5800000e+02   3.7500000e+01   6.0000000e+00   5.0000000e+03   2.9030000e+02   7.1729000e+02   3.9030000e+01   8.1729000e+01
  -1.5800000e+02   3.7500000e+01   6.0000000e+00   1.2000000e+04   7.1378000e+02   1.2891000e+03   8.1378000e+01   1.3891000e+02
  -1.5800000e+02   3.7500000e+01   6.0000000e+00   2.6000000e+04   1.4483000e+03   1.9644000e+03   1.5483000e+02   2.0644000e+02
  -1.5800000e+02   3.7500000e+01   6.0000000e+00   6.0000000e+04   2.7561000e+03   2.7277000e+03   2.8561000e+02   2.8277000e+02
  -1.5800000e+02   3.7500000e+01   6.0000000e+00   1.4000000e+05   4.5932000e+03   3.2782000e+03   4.6932000e+02   3.3782000e+02
  -1.5800000e+02   7.5000000e+01   7.0000000e+00   4.0000000e+02   1.3064000e+01   8.9618000e+01   1.1306400e+01   1.8961800e+01
  -1.5800000e+02   7.5000000e+01   7.0000000e+00   9.0000000e+02   3.8828000e+01   1.8303000e+02   1.3882800e+01   2.8303000e+01
  -1.5800000e+02   7.5000000e+01   7.0000000e+00   2.1000000e+03   1.0868000e+02   3.7005000e+02   2.0868000e+01   4.7005000e+01
  -1.5800000e+02   7.5000000e+01   7.0000000e+00   5.0000000e+03   2.8885000e+02   7.1825000e+02   3.8885000e+01   8.1825000e+01
  -1.5800000e+02   7.5000000e+01   7.0000000e+00   1.2000000e+04   7.1415000e+02   1.2911000e+03   8.1415000e+01   1.3911000e+02
  -1.5800000e+02   7.5000000e+01   7.0000000e+00   2.6000000e+04   1.4497000e+03   1.9659000e+03   1.5497000e+02   2.0659000e+02
  -1.5800000e+02   7.5000000e+01   7.0000000e+00   6.0000000e+04   2.7584000e+03   2.7287000e+03   2.8584000e+02   2.8287000e+02
  -1.5800000e+02   7.5000000e+01   7.0000000e+00   1.4000000e+05   4.5968000e+03   3.2782000e+03   4.6968000e+02   3.3782000e+02
  -1.5800000e+02   1.1250000e+02   8.0000000e+00   4.0000000e+02   1.2701000e+01   8.9180000e+01   1.1270100e+01   1.8918000e+01
  -1.5800000e+02   1.1250000e+02   8.0000000e+00   9.0000000e+02   3.8102000e+01   1.8225000e+02   1.3810200e+01   2.8225000e+01
  -1.5800000e+02   1.1250000e+02   8.0000000e+00   2.1000000e+03   1.0723000e+02   3.6908000e+02   2.0723000e+01   4.6908000e+01
  -1.5800000e+02   1.1250000e+02   8.0000000e+00   5.0000000e+03   2.8704000e+02   7.1811000e+02   3.8704000e+01   8.1811000e+01
  -1.5800000e+02   1.1250000e+02   8.0000000e+00   1.2000000e+04   7.1342000e+02   1.2901000e+03   8.1342000e+01   1.3901000e+02
  -1.5800000e+02   1.1250000e+02   8.0000000e+00   2.6000000e+04   1.4484000e+03   1.9625000e+03   1.5484000e+02   2.0625000e+02
  -1.5800000e+02   1.1250000e+02   8.0000000e+00   6.0000000e+04   2.7543000e+03   2.7221000e+03   2.8543000e+02   2.8221000e+02
  -1.5800000e+02   1.1250000e+02   8.0000000e+00   1.4000000e+05   4.5864000e+03   3.2699000e+03   4.6864000e+02   3.3699000e+02
  -1.5800000e+02   1.5000000e+02   9.0000000e+00   4.0000000e+02   1.2519000e+01   8.8776000e+01   1.1251900e+01   1.8877600e+01
  -1.5800000e+02   1.5000000e+02   9.0000000e+00   9.0000000e+02   3.7740000e+01   1.8160000e+02   1.3774000e+01   2.8160000e+01
  -1.5800000e+02   1.5000000e+02   9.0000000e+00   2.1000000e+03   1.0614000e+02   3.6832000e+02   2.0614000e+01   4.6832000e+01
  -1.5800000e+02   1.5000000e+02   9.0000000e+00   5.0000000e+03   2.8577000e+02   7.1786000e+02   3.8577000e+01   8.1786000e+01
  -1.5800000e+02   1.5000000e+02   9.0000000e+00   1.2000000e+04   7.1233000e+02   1.2894000e+03   8.1233000e+01   1.3894000e+02
  -1.5800000e+02   1.5000000e+02   9.0000000e+00   2.6000000e+04   1.4470000e+03   1.9613000e+03   1.5470000e+02   2.0613000e+02
  -1.5800000e+02   1.5000000e+02   9.0000000e+00   6.0000000e+04   2.7524000e+03   2.7202000e+03   2.8524000e+02   2.8202000e+02
  -1.5800000e+02   1.5000000e+02   9.0000000e+00   1.4000000e+05   4.5843000e+03   3.2661000e+03   4.6843000e+02   3.3661000e+02
  -1.2050000e+02  -1.5000000e+02   1.0000000e+01   4.0000000e+02   1.2882000e+01   8.9186000e+01   1.1288200e+01   1.8918600e+01
  -1.2050000e+02  -1.5000000e+02   1.0000000e+01   9.0000000e+02   3.8284000e+01   1.8224000e+02   1.3828400e+01   2.8224000e+01
  -1.2050000e+02  -1.5000000e+02   1.0000000e+01   2.1000000e+03   1.0741000e+02   3.6903000e+02   2.0741000e+01   4.6903000e+01
  -1.2050000e+02  -1.5000000e+02   1.0000000e+01   5.0000000e+03   2.8722000e+02   7.1800000e+02   3.8722000e+01   8.1800000e+01
  -1.2050000e+02  -1.5000000e+02   1.0000000e+01   1.2000000e+04   7.1360000e+02   1.2898000e+03   8.1360000e+01   1.3898000e+02
  -1.2050000e+02  -1.5000000e+02   1.0000000e+01   2.6000000e+04   1.4488000e+03   1.9619000e+03   1.5488000e+02   2.0619000e+02
  -1.2050000e+02  -1.5000000e+02   1.0000000e+01   6.0000000e+04   2.7548000e+03   2.7203000e+03   2.8548000e+02   2.8203000e+02
  -1.2050000e+02  -1.5000000e+02   1.0000000e+01   1.4000000e+05   4.5870000e+03   3.2648000e+03   4.6870000e+02   3.3648000e+02
  -1.2050000e+02  -1.1250000e+02   1.1000000e+01   4.0000000e+02   1.3245000e+01   8.9692000e+01   1.1324500e+01   1.8969200e+01
  -1.2050000e+02  -1.1250000e+02   1.1000000e+01   9.0000000e+02   3.9010000e+01   1.8302000e+02   1.3901000e+01   2.8302000e+01
  -1.2050000e+02  -1.1250000e+02   1.1000000e+01   2.1000000e+03   1.0923000e+02   3.6954000e+02   2.0923000e+01   4.6954000e+01
  -1.2050000e+02  -1.1250000e+02   1.1000000e+01   5.0000000e+03   2.8903000e+02   7.1644000e+02   3.8903000e+01   8.1644000e+01
  -1.2050000e+02  -1.1250000e+02   1.1000000e+01   1.2000000e+04   7.1342000e+02   1.2876000e+03   8.1342000e+01   1.3876000e+02
  -1.2050000e+02  -1.1250000e+02   1.1000000e+01   2.6000000e+04   1.4483000e+03   1.9594000e+03   1.5483000e+02   2.0594000e+02
  -1.2050000e+02  -1.1250000e+02   1.1000000e+01   6.0000000e+04   2.7528000e+03   2.7158000e+03   2.8528000e+02   2.8158000e+02
  -1.2050000e+02  -1.1250000e+02   1.1000000e+01   1.4000000e+05   4.5814000e+03   3.2584000e+03   4.6814000e+02   3.3584000e+02
  -1.2050000e+02  -7.5000000e+01   1.2000000e+01   4.0000000e+02   1.3427000e+01   9.0577000e+01   1.1342700e+01   1.9057700e+01
  -1.2050000e+02  -7.5000000e+01   1.2000000e+01   9.0000000e+02   3.9917000e+01   1.8473000e+02   1.3991700e+01   2.8473000e+01
  -1.2050000e+02  -7.5000000e+01   1.2000000e+01   2.1000000e+03   1.1195000e+02   3.7193000e+02   2.1195000e+01   4.7193000e+01
  -1.2050000e+02  -7.5000000e+01   1.2000000e+01   5.0000000e+03   2.9357000e+02   7.1673000e+02   3.9357000e+01   8.1673000e+01
  -1.2050000e+02  -7.5000000e+01   1.2000000e+01   1.2000000e+04   7.1506000e+02   1.2867000e+03   8.1506000e+01   1.3867000e+02
  -1.2050000e+02  -7.5000000e+01   1.2000000e+01   2.6000000e+04   1.4486000e+03   1.9626000e+03   1.5486000e+02   2.0626000e+02
  -1.2050000e+02  -7.5000000e+01   1.2000000e+01   6.0000000e+04   2.7561000e+03   2.7243000e+03   2.8561000e+02   2.8243000e+02
  -1.2050000e+02  -7.5000000e+01   1.2000000e+01   1.4000000e+05   4.5903000e+03   3.2727000e+03   4.6903000e+02   3.3727000e+02
  -1.2050000e+02  -3.7500000e+01   1.3000000e+01   4.0000000e+02   1.3789000e+01   9.1403000e+01   1.1378900e+01   1.9140300e+01
  -1.2050000e+02  -3.7500000e+01   1.3000000e+01   9.0000000e+02   4.0461000e+01   1.8652000e+02   1.4046100e+01   2.8652000e+01
  -1.2050000e+02  -3.7500000e+01   1.3000000e+01   2.1000000e+03   1.1467000e+02   3.7482000e+02   2.1467000e+01   4.7482000e+01
  -1.2050000e+02  -3.7500000e+01   1.3000000e+01   5.0000000e+03   2.9992000e+02   7.1758000e+02   3.9992000e+01   8.1758000e+01
  -1.2050000e+02  -3.7500000e+01   1.3000000e+01   1.2000000e+04   7.1959000e+02   1.2816000e+03   8.1959000e+01   1.3816000e+02
  -1.2050000e+02  -3.7500000e+01   1.3000000e+01   2.6000000e+04   1.4477000e+03   1.9575000e+03   1.5477000e+02   2.0575000e+02
  -1.2050000e+02  -3.7500000e+01   1.3000000e+01   6.0000000e+04   2.7543000e+03   2.7208000e+03   2.8543000e+02   2.8208000e+02
  -1.2050000e+02  -3.7500000e+01   1.3000000e+01   1.4000000e+05   4.5884000e+03   3.2663000e+03   4.6884000e+02   3.3663000e+02
  -1.2050000e+02   0.0000000e+00   1.4000000e+01   4.0000000e+02   1.3789000e+01   9.2043000e+01   1.1378900e+01   1.9204300e+01
  -1.2050000e+02   0.0000000e+00   1.4000000e+01   9.0000000e+02   4.1005000e+01   1.8781000e+02   1.4100500e+01   2.8781000e+01
  -1.2050000e+02   0.0000000e+00   1.4000000e+01   2.1000000e+03   1.1667000e+02   3.7679000e+02   2.1667000e+01   4.7679000e+01
  -1.2050000e+02   0.0000000e+00   1.4000000e+01   5.0000000e+03   3.0427000e+02   7.1838000e+02   4.0427000e+01   8.1838000e+01
  -1.2050000e+02   0.0000000e+00   1.4000000e+01   1.2000000e+04   7.2395000e+02   1.2777000e+03   8.2395000e+01   1.3777000e+02
  -1.2050000e+02   0.0000000e+00   1.4000000e+01   2.6000000e+04   1.4473000e+03   1.9513000e+03   1.5473000e+02   2.0513000e+02
  -1.2050000e+02   0.0000000e+00   1.4000000e+01   6.0000000e+04   2.7504000e+03   2.7146000e+03   2.8504000e+02   2.8146000e+02
  -1.2050000e+02   0.0000000e+00   1.4000000e+01   1.4000000e+05   4.5794000e+03   3.2601000e+03   4.6794000e+02   3.3601000e+02
  -1.2050000e+02   3.7500000e+01   1.5000000e+01   4.0000000e+02   1.3608000e+01   9.1403000e+01   1.1360800e+01   1.9140300e+01
  -1.2050000e+02   3.7500000e+01   1.5000000e+01   9.0000000e+02   4.0461000e+01   1.8652000e+02   1.4046100e+01   2.8652000e+01
  -1.2050000e+02   3.7500000e+01   1.5000000e+01   2.1000000e+03   1.1467000e+02   3.7483000e+02   2.1467000e+01   4.7483000e+01
  -1.2050000e+02   3.7500000e+01   1.5000000e+01   5.0000000e+03   2.9974000e+02   7.1760000e+02   3.9974000e+01   8.1760000e+01
  -1.2050000e+02   3.7500000e+01   1.5000000e+01   1.2000000e+04   7.1941000e+02   1.2817000e+03   8.1941000e+01   1.3817000e+02
  -1.2050000e+02   3.7500000e+01   1.5000000e+01   2.6000000e+04   1.4473000e+03   1.9578000e+03   1.5473000e+02   2.0578000e+02
  -1.2050000e+02   3.7500000e+01   1.5000000e+01   6.0000000e+04   2.7537000e+03   2.7218000e+03   2.8537000e+02   2.8218000e+02
  -1.2050000e+02   3.7500000e+01   1.5000000e+01   1.4000000e+05   4.5873000e+03   3.2696000e+03   4.6873000e+02   3.3696000e+02
  -1.2050000e+02   7.5000000e+01   1.6000000e+01   4.0000000e+02   1.3608000e+01   9.0577000e+01   1.1360800e+01   1.9057700e+01
  -1.2050000e+02   7.5000000e+01   1.6000000e+01   9.0000000e+02   3.9917000e+01   1.8473000e+02   1.3991700e+01   2.8473000e+01
  -1.2050000e+02   7.5000000e+01   1.6000000e+01   2.1000000e+03   1.1213000e+02   3.7192000e+02   2.1213000e+01   4.7192000e+01
  -1.2050000e+02   7.5000000e+01   1.6000000e+01   5.0000000e+03   2.9375000e+02   7.1671000e+02   3.9375000e+01   8.1671000e+01
  -1.2050000e+02   7.5000000e+01   1.6000000e+01   1.2000000e+04   7.1524000e+02   1.2866000e+03   8.1524000e+01   1.3866000e+02
  -1.2050000e+02   7.5000000e+01   1.6000000e+01   2.6000000e+04   1.4488000e+03   1.9623000e+03   1.5488000e+02   2.0623000e+02
  -1.2050000e+02   7.5000000e+01   1.6000000e+01   6.0000000e+04   2.7566000e+03   2.7233000e+03   2.8566000e+02   2.8233000e+02
  -1.2050000e+02   7.5000000e+01   1.6000000e+01   1.4000000e+05   4.5912000e+03   3.2695000e+03   4.6912000e+02   3.3695000e+02
  -1.2050000e+02   1.1250000e+02   1.7000000e+01   4.0000000e+02   1.3245000e+01   8.9691000e+01   1.1324500e+01   1.8969100e+01
  -1.2050000e+02   1.1250000e+02   1.7000000e+01   9.0000000e+02   3.9010000e+01   1.8302000e+02   1.3901000e+01   2.8302000e+01
  -1.2050000e+02   1.1250000e+02   1.7000000e+01   2.1000000e+03   1.0923000e+02   3.6955000e+02   2.0923000e+01   4.6955000e+01
  -1.2050000e+02   1.1250000e+02   1.7000000e+01   5.0000000e+03   2.8903000e+02   7.1646000e+02   3.8903000e+01   8.1646000e+01
  -1.2050000e+02   1.1250000e+02   1.7000000e+01   1.2000000e+04   7.1342000e+02   1.2877000e+03   8.1342000e+01   1.3877000e+02
  -1.2050000e+02   1.1250000e+02   1.7000000e+01   2.6000000e+04   1.4479000e+03   1.9597000e+03   1.5479000e+02   2.0597000e+02
  -1.2050000e+02   1.1250000e+02   1.7000000e+01   6.0000000e+04   2.7523000e+03   2.7167000e+03   2.8523000e+02   2.8167000e+02
  -1.2050000e+02   1.1250000e+02   1.7000000e+01   1.4000000e+05   4.5805000e+03   3.2615000e+03   4.6805000e+02   3.3615000e+02
  -1.2050000e+02   1.5000000e+02   1.8000000e+01   4.0000000e+02   1.2882000e+01   8.8999000e+01   1.1288200e+01   1.8899900e+01
  -1.2050000e+02   1.5000000e+02   1.8000000e+01   9.0000000e+02   3.8284000e+01   1.8184000e+02   1.3828400e+01   2.8184000e+01
  -1.2050000e+02   1.5000000e+02   1.8000000e+01   2.1000000e+03   1.0705000e+02   3.6827000e+02   2.0705000e+01   4.6827000e+01
  -1.2050000e+02   1.5000000e+02   1.8000000e+01   5.0000000e+03   2.8649000e+02   7.1670000e+02   3.8649000e+01   8.1670000e+01
  -1.2050000e+02   1.5000000e+02   1.8000000e+01   1.2000000e+04   7.1215000e+02   1.2878000e+03   8.1215000e+01   1.3878000e+02
  -1.2050000e+02   1.5000000e+02   1.8000000e+01   2.6000000e+04   1.4466000e+03   1.9586000e+03   1.5466000e+02   2.0586000e+02
  -1.2050000e+02   1.5000000e+02   1.8000000e+01   6.0000000e+04   2.7504000e+03   2.7148000e+03   2.8504000e+02   2.8148000e+02
  -1.2050000e+02   1.5000000e+02   1.8000000e+01   1.4000000e+05   4.5783000e+03   3.2573000e+03   4.6783000e+02   3.3573000e+02
  -8.3000000e+01  -1.5000000e+02   1.9000000e+01   4.0000000e+02   1.3064000e+01   8.9683000e+01   1.1306400e+01   1.8968300e+01
  -8.3000000e+01  -1.5000000e+02   1.9000000e+01   9.0000000e+02   3.8828000e+01   1.8311000e+02   1.3882800e+01   2.8311000e+01
  -8.3000000e+01  -1.5000000e+02   1.9000000e+01   2.1000000e+03   1.0886000e+02   3.7010000e+02   2.0886000e+01   4.7010000e+01
  -8.3000000e+01  -1.5000000e+02   1.9000000e+01   5.0000000e+03   2.8885000e+02   7.1817000e+02   3.8885000e+01   8.1817000e+01
  -8.3000000e+01  -1.5000000e+02   1.9000000e+01   1.2000000e+04   7.1397000e+02   1.2911000e+03   8.1397000e+01   1.3911000e+02
  -8.3000000e+01  -1.5000000e+02   1.9000000e+01   2.6000000e+04   1.4495000e+03   1.9661000e+03   1.5495000e+02   2.0661000e+02
  -8.3000000e+01  -1.5000000e+02   1.9000000e+01   6.0000000e+04   2.7581000e+03   2.7293000e+03   2.8581000e+02   2.8293000e+02
  -8.3000000e+01  -1.5000000e+02   1.9000000e+01   1.4000000e+05   4.5961000e+03   3.2797000e+03   4.6961000e+02   3.3797000e+02
  -8.3000000e+01  -1.1250000e+02   2.0000000e+01   4.0000000e+02   1.3608000e+01   9.0610000e+01   1.1360800e+01   1.9061000e+01
  -8.3000000e+01  -1.1250000e+02   2.0000000e+01   9.0000000e+02   3.9917000e+01   1.8478000e+02   1.3991700e+01   2.8478000e+01
  -8.3000000e+01  -1.1250000e+02   2.0000000e+01   2.1000000e+03   1.1213000e+02   3.7198000e+02   2.1213000e+01   4.7198000e+01
  -8.3000000e+01  -1.1250000e+02   2.0000000e+01   5.0000000e+03   2.9375000e+02   7.1678000e+02   3.9375000e+01   8.1678000e+01
  -8.3000000e+01  -1.1250000e+02   2.0000000e+01   1.2000000e+04   7.1524000e+02   1.2867000e+03   8.1524000e+01   1.3867000e+02
  -8.3000000e+01  -1.1250000e+02   2.0000000e+01   2.6000000e+04   1.4486000e+03   1.9628000e+03   1.5486000e+02   2.0628000e+02
  -8.3000000e+01  -1.1250000e+02   2.0000000e+01   6.0000000e+04   2.7561000e+03   2.7249000e+03   2.8561000e+02   2.8249000e+02
  -8.3000000e+01  -1.1250000e+02   2.0000000e+01   1.4000000e+05   4.5908000e+03   3.2737000e+03   4.6908000e+02   3.3737000e+02
  -8.3000000e+01  -7.5000000e+01   2.1000000e+01   4.0000000e+02   1.4152000e+01   9.2782000e+01   1.1415200e+01   1.9278200e+01
  -8.3000000e+01  -7.5000000e+01   2.1000000e+01   9.0000000e+02   4.1731000e+01   1.8908000e+02   1.4173100e+01   2.8908000e+01
  -8.3000000e+01  -7.5000000e+01   2.1000000e+01   2.1000000e+03   1.1848000e+02   3.7839000e+02   2.1848000e+01   4.7839000e+01
  -8.3000000e+01  -7.5000000e+01   2.1000000e+01   5.0000000e+03   3.0663000e+02   7.1916000e+02   4.0663000e+01   8.1916000e+01
  -8.3000000e+01  -7.5000000e+01   2.1000000e+01   1.2000000e+04   7.2413000e+02   1.2806000e+03   8.2413000e+01   1.3806000e+02
  -8.3000000e+01  -7.5000000e+01   2.1000000e+01   2.6000000e+04   1.4488000e+03   1.9607000e+03   1.5488000e+02   2.0607000e+02
  -8.3000000e+01  -7.5000000e+01   2.1000000e+01   6.0000000e+04   2.7584000e+03   2.7326000e+03   2.8584000e+02   2.8326000e+02
  -8.3000000e+01  -7.5000000e+01   2.1000000e+01   1.4000000e+05   4.5995000e+03   3.2875000e+03   4.6995000e+02   3.3875000e+02
  -8.3000000e+01  -3.7500000e+01   2.2000000e+01   4.0000000e+02   1.4515000e+01   9.5736000e+01   1.1451500e+01   1.9573600e+01
  -8.3000000e+01  -3.7500000e+01   2.2000000e+01   9.0000000e+02   4.3727000e+01   1.9509000e+02   1.4372700e+01   2.9509000e+01
  -8.3000000e+01  -3.7500000e+01   2.2000000e+01   2.1000000e+03   1.2556000e+02   3.8857000e+02   2.2556000e+01   4.8857000e+01
  -8.3000000e+01  -3.7500000e+01   2.2000000e+01   5.0000000e+03   3.2532000e+02   7.2970000e+02   4.2532000e+01   8.2970000e+01
  -8.3000000e+01  -3.7500000e+01   2.2000000e+01   1.2000000e+04   7.5171000e+02   1.2754000e+03   8.5171000e+01   1.3754000e+02
  -8.3000000e+01  -3.7500000e+01   2.2000000e+01   2.6000000e+04   1.4620000e+03   1.9395000e+03   1.5620000e+02   2.0395000e+02
  -8.3000000e+01  -3.7500000e+01   2.2000000e+01   6.0000000e+04   2.7530000e+03   2.7196000e+03   2.8530000e+02   2.8196000e+02
  -8.3000000e+01  -3.7500000e+01   2.2000000e+01   1.4000000e+05   4.5955000e+03   3.2805000e+03   4.6955000e+02   3.3805000e+02
  -8.3000000e+01   0.0000000e+00   2.3000000e+01   4.0000000e+02   1.5241000e+01   9.8464000e+01   1.1524100e+01   1.9846400e+01
  -8.3000000e+01   0.0000000e+00   2.3000000e+01   9.0000000e+02   4.6086000e+01   2.0042000e+02   1.4608600e+01   3.0042000e+01
  -8.3000000e+01   0.0000000e+00   2.3000000e+01   2.1000000e+03   1.3209000e+02   3.9691000e+02   2.3209000e+01   4.9691000e+01
  -8.3000000e+01   0.0000000e+00   2.3000000e+01   5.0000000e+03   3.3966000e+02   7.3929000e+02   4.3966000e+01   8.3929000e+01
  -8.3000000e+01   0.0000000e+00   2.3000000e+01   1.2000000e+04   7.7620000e+02   1.2773000e+03   8.7620000e+01   1.3773000e+02
  -8.3000000e+01   0.0000000e+00   2.3000000e+01   2.6000000e+04   1.4838000e+03   1.9240000e+03   1.5838000e+02   2.0240000e+02
  -8.3000000e+01   0.0000000e+00   2.3000000e+01   6.0000000e+04   2.7526000e+03   2.6979000e+03   2.8526000e+02   2.7979000e+02
  -8.3000000e+01   0.0000000e+00   2.3000000e+01   1.4000000e+05   4.5835000e+03   3.2703000e+03   4.6835000e+02   3.3703000e+02
  -8.3000000e+01   3.7500000e+01   2.4000000e+01   4.0000000e+02   1.4515000e+01   9.5736000e+01   1.1451500e+01   1.9573600e+01
  -8.3000000e+01   3.7500000e+01   2.4000000e+01   9.0000000e+02   4.3908000e+01   1.9509000e+02   1.4390800e+01   2.9509000e+01
  -8.3000000e+01   3.7500000e+01   2.4000000e+01   2.1000000e+03   1.2574000e+02   3.8857000e+02   2.2574000e+01   4.8857000e+01
  -8.3000000e+01   3.7500000e+01   2.4000000e+01   5.0000000e+03   3.2532000e+02   7.2972000e+02   4.2532000e+01   8.2972000e+01
  -8.3000000e+01   3.7500000e+01   2.4000000e+01   1.2000000e+04   7.5171000e+02   1.2755000e+03   8.5171000e+01   1.3755000e+02
  -8.3000000e+01   3.7500000e+01   2.4000000e+01   2.6000000e+04   1.4619000e+03   1.9398000e+03   1.5619000e+02   2.0398000e+02
  -8.3000000e+01   3.7500000e+01   2.4000000e+01   6.0000000e+04   2.7526000e+03   2.7206000e+03   2.8526000e+02   2.8206000e+02
  -8.3000000e+01   3.7500000e+01   2.4000000e+01   1.4000000e+05   4.5946000e+03   3.2835000e+03   4.6946000e+02   3.3835000e+02
  -8.3000000e+01   7.5000000e+01   2.5000000e+01   4.0000000e+02   1.3971000e+01   9.2783000e+01   1.1397100e+01   1.9278300e+01
  -8.3000000e+01   7.5000000e+01   2.5000000e+01   9.0000000e+02   4.1731000e+01   1.8908000e+02   1.4173100e+01   2.8908000e+01
  -8.3000000e+01   7.5000000e+01   2.5000000e+01   2.1000000e+03   1.1848000e+02   3.7839000e+02   2.1848000e+01   4.7839000e+01
  -8.3000000e+01   7.5000000e+01   2.5000000e+01   5.0000000e+03   3.0663000e+02   7.1914000e+02   4.0663000e+01   8.1914000e+01
  -8.3000000e+01   7.5000000e+01   2.5000000e+01   1.2000000e+04   7.2431000e+02   1.2805000e+03   8.2431000e+01   1.3805000e+02
  -8.3000000e+01   7.5000000e+01   2.5000000e+01   2.6000000e+04   1.4490000e+03   1.9604000e+03   1.5490000e+02   2.0604000e+02
  -8.3000000e+01   7.5000000e+01   2.5000000e+01   6.0000000e+04   2.7588000e+03   2.7316000e+03   2.8588000e+02   2.8316000e+02
  -8.3000000e+01   7.5000000e+01   2.5000000e+01   1.4000000e+05   4.6002000e+03   3.2846000e+03   4.7002000e+02   3.3846000e+02
  -8.3000000e+01   1.1250000e+02   2.6000000e+01   4.0000000e+02   1.3427000e+01   9.0610000e+01   1.1342700e+01   1.9061000e+01
  -8.3000000e+01   1.1250000e+02   2.6000000e+01   9.0000000e+02   3.9917000e+01   1.8478000e+02   1.3991700e+01   2.8478000e+01
  -8.3000000e+01   1.1250000e+02   2.6000000e+01   2.1000000e+03   1.1213000e+02   3.7198000e+02   2.1213000e+01   4.7198000e+01
  -8.3000000e+01   1.1250000e+02   2.6000000e+01   5.0000000e+03   2.9375000e+02   7.1680000e+02   3.9375000e+01   8.1680000e+01
  -8.3000000e+01   1.1250000e+02   2.6000000e+01   1.2000000e+04   7.1506000e+02   1.2868000e+03   8.1506000e+01   1.3868000e+02
  -8.3000000e+01   1.1250000e+02   2.6000000e+01   2.6000000e+04   1.4483000e+03   1.9631000e+03   1.5483000e+02   2.0631000e+02
  -8.3000000e+01   1.1250000e+02   2.6000000e+01   6.0000000e+04   2.7557000e+03   2.7258000e+03   2.8557000e+02   2.8258000e+02
  -8.3000000e+01   1.1250000e+02   2.6000000e+01   1.4000000e+05   4.5899000e+03   3.2766000e+03   4.6899000e+02   3.3766000e+02
  -8.3000000e+01   1.5000000e+02   2.7000000e+01   4.0000000e+02   1.3245000e+01   8.9497000e+01   1.1324500e+01   1.8949700e+01
  -8.3000000e+01   1.5000000e+02   2.7000000e+01   9.0000000e+02   3.8828000e+01   1.8271000e+02   1.3882800e+01   2.8271000e+01
  -8.3000000e+01   1.5000000e+02   2.7000000e+01   2.1000000e+03   1.0868000e+02   3.6934000e+02   2.0868000e+01   4.6934000e+01
  -8.3000000e+01   1.5000000e+02   2.7000000e+01   5.0000000e+03   2.8813000e+02   7.1688000e+02   3.8813000e+01   8.1688000e+01
  -8.3000000e+01   1.5000000e+02   2.7000000e+01   1.2000000e+04   7.1251000e+02   1.2891000e+03   8.1251000e+01   1.3891000e+02
  -8.3000000e+01   1.5000000e+02   2.7000000e+01   2.6000000e+04   1.4473000e+03   1.9629000e+03   1.5473000e+02   2.0629000e+02
  -8.3000000e+01   1.5000000e+02   2.7000000e+01   6.0000000e+04   2.7539000e+03   2.7239000e+03   2.8539000e+02   2.8239000e+02
  -8.3000000e+01   1.5000000e+02   2.7000000e+01   1.4000000e+05   4.5877000e+03   3.2724000e+03   4.6877000e+02   3.3724000e+02
  -4.5500000e+01  -1.5000000e+02   2.8000000e+01   4.0000000e+02   1.3245000e+01   8.9980000e+01   1.1324500e+01   1.8998000e+01
  -4.5500000e+01  -1.5000000e+02   2.8000000e+01   9.0000000e+02   3.9191000e+01   1.8372000e+02   1.3919100e+01   2.8372000e+01
  -4.5500000e+01  -1.5000000e+02   2.8000000e+01   2.1000000e+03   1.1013000e+02   3.7076000e+02   2.1013000e+01   4.7076000e+01
  -4.5500000e+01  -1.5000000e+02   2.8000000e+01   5.0000000e+03   2.9067000e+02   7.1712000e+02   3.9067000e+01   8.1712000e+01
  -4.5500000e+01  -1.5000000e+02   2.8000000e+01   1.2000000e+04   7.1378000e+02   1.2887000e+03   8.1378000e+01   1.3887000e+02
  -4.5500000e+01  -1.5000000e+02   2.8000000e+01   2.6000000e+04   1.4484000e+03   1.9639000e+03   1.5484000e+02   2.0639000e+02
  -4.5500000e+01  -1.5000000e+02   2.8000000e+01   6.0000000e+04   2.7564000e+03   2.7264000e+03   2.8564000e+02   2.8264000e+02
  -4.5500000e+01  -1.5000000e+02   2.8000000e+01   1.4000000e+05   4.5937000e+03   3.2745000e+03   4.6937000e+02   3.3745000e+02
  -4.5500000e+01  -1.1250000e+02   2.9000000e+01   4.0000000e+02   1.3789000e+01   9.1537000e+01   1.1378900e+01   1.9153700e+01
  -4.5500000e+01  -1.1250000e+02   2.9000000e+01   9.0000000e+02   4.0643000e+01   1.8674000e+02   1.4064300e+01   2.8674000e+01
  -4.5500000e+01  -1.1250000e+02   2.9000000e+01   2.1000000e+03   1.1503000e+02   3.7508000e+02   2.1503000e+01   4.7508000e+01
  -4.5500000e+01  -1.1250000e+02   2.9000000e+01   5.0000000e+03   3.0046000e+02   7.1766000e+02   4.0046000e+01   8.1766000e+01
  -4.5500000e+01  -1.1250000e+02   2.9000000e+01   1.2000000e+04   7.2014000e+02   1.2813000e+03   8.2014000e+01   1.3813000e+02
  -4.5500000e+01  -1.1250000e+02   2.9000000e+01   2.6000000e+04   1.4475000e+03   1.9572000e+03   1.5475000e+02   2.0572000e+02
  -4.5500000e+01  -1.1250000e+02   2.9000000e+01   6.0000000e+04   2.7539000e+03   2.7212000e+03   2.8539000e+02   2.8212000e+02
  -4.5500000e+01  -1.1250000e+02   2.9000000e+01   1.4000000e+05   4.5884000e+03   3.2680000e+03   4.6884000e+02   3.3680000e+02
  -4.5500000e+01  -7.5000000e+01   3.0000000e+01   4.0000000e+02   1.4697000e+01   9.5827000e+01   1.1469700e+01   1.9582700e+01
  -4.5500000e+01  -7.5000000e+01   3.0000000e+01   9.0000000e+02   4.3908000e+01   1.9528000e+02   1.4390800e+01   2.9528000e+01
  -4.5500000e+01  -7.5000000e+01   3.0000000e+01   2.1000000e+03   1.2592000e+02   3.8884000e+02   2.2592000e+01   4.8884000e+01
  -4.5500000e+01  -7.5000000e+01   3.0000000e+01   5.0000000e+03   3.2587000e+02   7.2974000e+02   4.2587000e+01   8.2974000e+01
  -4.5500000e+01  -7.5000000e+01   3.0000000e+01   1.2000000e+04   7.5189000e+02   1.2753000e+03   8.5189000e+01   1.3753000e+02
  -4.5500000e+01  -7.5000000e+01   3.0000000e+01   2.6000000e+04   1.4622000e+03   1.9397000e+03   1.5622000e+02   2.0397000e+02
  -4.5500000e+01  -7.5000000e+01   3.0000000e+01   6.0000000e+04   2.7537000e+03   2.7197000e+03   2.8537000e+02   2.8197000e+02
  -4.5500000e+01  -7.5000000e+01   3.0000000e+01   1.4000000e+05   4.5959000e+03   3.2807000e+03   4.6959000e+02   3.3807000e+02
  -4.5500000e+01  -3.7500000e+01   3.1000000e+01   4.0000000e+02   1.8144000e+01   1.1115000e+02   1.1814400e+01   2.1115000e+01
  -4.5500000e+01  -3.7500000e+01   3.1000000e+01   9.0000000e+02   5.7698000e+01   2.2369000e+02   1.5769800e+01   3.2369000e+01
  -4.5500000e+01  -3.7500000e+01   3.1000000e+01   2.1000000e+03   1.6239000e+02   4.2854000e+02   2.6239000e+01   5.2854000e+01
  -4.5500000e+01  -3.7500000e+01   3.1000000e+01   5.0000000e+03   3.9499000e+02   7.7230000e+02   4.9499000e+01   8.7230000e+01
  -4.5500000e+01  -3.7500000e+01   3.1000000e+01   1.2000000e+04   8.6166000e+02   1.2930000e+03   9.6166000e+01   1.3930000e+02
  -4.5500000e+01  -3.7500000e+01   3.1000000e+01   2.6000000e+04   1.5756000e+03   1.8949000e+03   1.6756000e+02   1.9949000e+02
  -4.5500000e+01  -3.7500000e+01   3.1000000e+01   6.0000000e+04   2.7889000e+03   2.6294000e+03   2.8889000e+02   2.7294000e+02
  -4.5500000e+01  -3.7500000e+01   3.1000000e+01   1.4000000e+05   4.5685000e+03   3.2406000e+03   4.6685000e+02   3.3406000e+02
  -4.5500000e+01   0.0000000e+00   3.2000000e+01   4.0000000e+02   2.4313000e+01   1.3477000e+02   1.2431300e+01   2.3477000e+01
  -4.5500000e+01   0.0000000e+00   3.2000000e+01   9.0000000e+02   8.1467000e+01   2.6598000e+02   1.8146700e+01   3.6598000e+01
  -4.5500000e+01   0.0000000e+00   3.2000000e+01   2.1000000e+03   2.2281000e+02   4.7944000e+02   3.2281000e+01   5.7944000e+01
  -4.5500000e+01   0.0000000e+00   3.2000000e+01   5.0000000e+03   4.9061000e+02   8.1071000e+02   5.9061000e+01   9.1071000e+01
  -4.5500000e+01   0.0000000e+00   3.2000000e+01   1.2000000e+04   9.7905000e+02   1.3067000e+03   1.0790500e+02   1.4067000e+02
  -4.5500000e+01   0.0000000e+00   3.2000000e+01   2.6000000e+04   1.7015000e+03   1.8753000e+03   1.8015000e+02   1.9753000e+02
  -4.5500000e+01   0.0000000e+00   3.2000000e+01   6.0000000e+04   2.8882000e+03   2.5519000e+03   2.9882000e+02   2.6519000e+02
  -4.5500000e+01   0.0000000e+00   3.2000000e+01   1.4000000e+05   4.5719000e+03   3.1449000e+03   4.6719000e+02   3.2449000e+02
  -4.5500000e+01   3.7500000e+01   3.3000000e+01   4.0000000e+02   1.8325000e+01   1.1114000e+02   1.1832500e+01   2.1114000e+01
  -4.5500000e+01   3.7500000e+01   3.3000000e+01   9.0000000e+02   5.7698000e+01   2.2369000e+02   1.5769800e+01   3.2369000e+01
  -4.5500000e+01   3.7500000e+01   3.3000000e+01   2.1000000e+03   1.6239000e+02   4.2855000e+02   2.6239000e+01   5.2855000e+01
  -4.5500000e+01   3.7500000e+01   3.3000000e+01   5.0000000e+03   3.9499000e+02   7.7232000e+02   4.9499000e+01   8.7232000e+01
  -4.5500000e+01   3.7500000e+01   3.3000000e+01   1.2000000e+04   8.6148000e+02   1.2931000e+03   9.6148000e+01   1.3931000e+02
  -4.5500000e+01   3.7500000e+01   3.3000000e+01   2.6000000e+04   1.5754000e+03   1.8952000e+03   1.6754000e+02   1.9952000e+02
  -4.5500000e+01   3.7500000e+01   3.3000000e+01   6.0000000e+04   2.7886000e+03   2.6304000e+03   2.8886000e+02   2.7304000e+02
  -4.5500000e+01   3.7500000e+01   3.3000000e+01   1.4000000e+05   4.5676000e+03   3.2439000e+03   4.6676000e+02   3.3439000e+02
  -4.5500000e+01   7.5000000e+01   3.4000000e+01   4.0000000e+02   1.4697000e+01   9.5828000e+01   1.1469700e+01   1.9582800e+01
  -4.5500000e+01   7.5000000e+01   3.4000000e+01   9.0000000e+02   4.3908000e+01   1.9528000e+02   1.4390800e+01   2.9528000e+01
  -4.5500000e+01   7.5000000e+01   3.4000000e+01   2.1000000e+03   1.2592000e+02   3.8884000e+02   2.2592000e+01   4.8884000e+01
  -4.5500000e+01   7.5000000e+01   3.4000000e+01   5.0000000e+03   3.2587000e+02   7.2972000e+02   4.2587000e+01   8.2972000e+01
  -4.5500000e+01   7.5000000e+01   3.4000000e+01   1.2000000e+04   7.5207000e+02   1.2752000e+03   8.5207000e+01   1.3752000e+02
  -4.5500000e+01   7.5000000e+01   3.4000000e+01   2.6000000e+04   1.4624000e+03   1.9394000e+03   1.5624000e+02   2.0394000e+02
  -4.5500000e+01   7.5000000e+01   3.4000000e+01   6.0000000e+04   2.7541000e+03   2.7187000e+03   2.8541000e+02   2.8187000e+02
  -4.5500000e+01   7.5000000e+01   3.4000000e+01   1.4000000e+05   4.5966000e+03   3.2775000e+03   4.6966000e+02   3.3775000e+02
  -4.5500000e+01   1.1250000e+02   3.5000000e+01   4.0000000e+02   1.3789000e+01   9.1537000e+01   1.1378900e+01   1.9153700e+01
  -4.5500000e+01   1.1250000e+02   3.5000000e+01   9.0000000e+02   4.0643000e+01   1.8674000e+02   1.4064300e+01   2.8674000e+01
  -4.5500000e+01   1.1250000e+02   3.5000000e+01   2.1000000e+03   1.1503000e+02   3.7508000e+02   2.1503000e+01   4.7508000e+01
  -4.5500000e+01   1.1250000e+02   3.5000000e+01   5.0000000e+03   3.0046000e+02   7.1768000e+02   4.0046000e+01   8.1768000e+01
  -4.5500000e+01   1.1250000e+02   3.5000000e+01   1.2000000e+04   7.2014000e+02   1.2814000e+03   8.2014000e+01   1.3814000e+02
  -4.5500000e+01   1.1250000e+02   3.5000000e+01   2.6000000e+04   1.4475000e+03   1.9575000e+03   1.5475000e+02   2.0575000e+02
  -4.5500000e+01   1.1250000e+02   3.5000000e+01   6.0000000e+04   2.7535000e+03   2.7222000e+03   2.8535000e+02   2.8222000e+02
  -4.5500000e+01   1.1250000e+02   3.5000000e+01   1.4000000e+05   4.5875000e+03   3.2711000e+03   4.6875000e+02   3.3711000e+02
  -4.5500000e+01   1.5000000e+02   3.6000000e+01   4.0000000e+02   1.3245000e+01   8.9791000e+01   1.1324500e+01   1.8979100e+01
  -4.5500000e+01   1.5000000e+02   3.6000000e+01   9.0000000e+02   3.9191000e+01   1.8332000e+02   1.3919100e+01   2.8332000e+01
  -4.5500000e+01   1.5000000e+02   3.6000000e+01   2.1000000e+03   1.0995000e+02   3.7000000e+02   2.0995000e+01   4.7000000e+01
  -4.5500000e+01   1.5000000e+02   3.6000000e+01   5.0000000e+03   2.9012000e+02   7.1584000e+02   3.9012000e+01   8.1584000e+01
  -4.5500000e+01   1.5000000e+02   3.6000000e+01   1.2000000e+04   7.1251000e+02   1.2868000e+03   8.1251000e+01   1.3868000e+02
  -4.5500000e+01   1.5000000e+02   3.6000000e+01   2.6000000e+04   1.4464000e+03   1.9608000e+03   1.5464000e+02   2.0608000e+02
  -4.5500000e+01   1.5000000e+02   3.6000000e+01   6.0000000e+04   2.7523000e+03   2.7210000e+03   2.8523000e+02   2.8210000e+02
  -4.5500000e+01   1.5000000e+02   3.6000000e+01   1.4000000e+05   4.5855000e+03   3.2672000e+03   4.6855000e+02   3.3672000e+02
  -8.0000000e+00  -1.5000000e+02   3.7000000e+01   4.0000000e+02   1.3245000e+01   9.0258000e+01   1.1324500e+01   1.9025800e+01
  -8.0000000e+00  -1.5000000e+02   3.7000000e+01   9.0000000e+02   3.9372000e+01   1.8425000e+02   1.3937200e+01   2.8425000e+01
  -8.0000000e+00  -1.5000000e+02   3.7000000e+01   2.1000000e+03   1.1104000e+02   3.7138000e+02   2.1104000e+01   4.7138000e+01
  -8.0000000e+00  -1.5000000e+02   3.7000000e+01   5.0000000e+03   2.9248000e+02   7.1663000e+02   3.9248000e+01   8.1663000e+01
  -8.0000000e+00  -1.5000000e+02   3.7000000e+01   1.2000000e+04   7.1487000e+02   1.2864000e+03   8.1487000e+01   1.3864000e+02
  -8.0000000e+00  -1.5000000e+02   3.7000000e+01   2.6000000e+04   1.4479000e+03   1.9605000e+03   1.5479000e+02   2.0605000e+02
  -8.0000000e+00  -1.5000000e+02   3.7000000e+01   6.0000000e+04   2.7535000e+03   2.7210000e+03   2.8535000e+02   2.8210000e+02
  -8.0000000e+00  -1.5000000e+02   3.7000000e+01   1.4000000e+05   4.5857000e+03   3.2682000e+03   4.6857000e+02   3.3682000e+02
  -8.0000000e+00  -1.1250000e+02   3.8000000e+01   4.0000000e+02   1.3971000e+01   9.2301000e+01   1.1397100e+01   1.9230100e+01
  -8.0000000e+00  -1.1250000e+02   3.8000000e+01   9.0000000e+02   4.1368000e+01   1.8828000e+02   1.4136800e+01   2.8828000e+01
  -8.0000000e+00  -1.1250000e+02   3.8000000e+01   2.1000000e+03   1.1739000e+02   3.7739000e+02   2.1739000e+01   4.7739000e+01
  -8.0000000e+00  -1.1250000e+02   3.8000000e+01   5.0000000e+03   3.0554000e+02   7.1875000e+02   4.0554000e+01   8.1875000e+01
  -8.0000000e+00  -1.1250000e+02   3.8000000e+01   1.2000000e+04   7.2522000e+02   1.2775000e+03   8.2522000e+01   1.3775000e+02
  -8.0000000e+00  -1.1250000e+02   3.8000000e+01   2.6000000e+04   1.4481000e+03   1.9508000e+03   1.5481000e+02   2.0508000e+02
  -8.0000000e+00  -1.1250000e+02   3.8000000e+01   6.0000000e+04   2.7504000e+03   2.7151000e+03   2.8504000e+02   2.8151000e+02
  -8.0000000e+00  -1.1250000e+02   3.8000000e+01   1.4000000e+05   4.5799000e+03   3.2618000e+03   4.6799000e+02   3.3618000e+02
  -8.0000000e+00  -7.5000000e+01   3.9000000e+01   4.0000000e+02   1.5241000e+01   9.8720000e+01   1.1524100e+01   1.9872000e+01
  -8.0000000e+00  -7.5000000e+01   3.9000000e+01   9.0000000e+02   4.6267000e+01   2.0092000e+02   1.4626700e+01   3.0092000e+01
  -8.0000000e+00  -7.5000000e+01   3.9000000e+01   2.1000000e+03   1.3300000e+02   3.9757000e+02   2.3300000e+01   4.9757000e+01
  -8.0000000e+00  -7.5000000e+01   3.9000000e+01   5.0000000e+03   3.4093000e+02   7.3941000e+02   4.4093000e+01   8.3941000e+01
  -8.0000000e+00  -7.5000000e+01   3.9000000e+01   1.2000000e+04   7.7693000e+02   1.2771000e+03   8.7693000e+01   1.3771000e+02
  -8.0000000e+00  -7.5000000e+01   3.9000000e+01   2.6000000e+04   1.4847000e+03   1.9243000e+03   1.5847000e+02   2.0243000e+02
  -8.0000000e+00  -7.5000000e+01   3.9000000e+01   6.0000000e+04   2.7537000e+03   2.6979000e+03   2.8537000e+02   2.7979000e+02
  -8.0000000e+00  -7.5000000e+01   3.9000000e+01   1.4000000e+05   4.5846000e+03   3.2711000e+03   4.6846000e+02   3.3711000e+02
  -8.0000000e+00  -3.7500000e+01   4.0000000e+01   4.0000000e+02   2.4313000e+01   1.3494000e+02   1.2431300e+01   2.3494000e+01
  -8.0000000e+00  -3.7500000e+01   4.0000000e+01   9.0000000e+02   8.1285000e+01   2.6648000e+02   1.8128500e+01   3.6648000e+01
  -8.0000000e+00  -3.7500000e+01   4.0000000e+01   2.1000000e+03   2.2281000e+02   4.8098000e+02   3.2281000e+01   5.8098000e+01
  -8.0000000e+00  -3.7500000e+01   4.0000000e+01   5.0000000e+03   4.9207000e+02   8.1387000e+02   5.9207000e+01   9.1387000e+01
  -8.0000000e+00  -3.7500000e+01   4.0000000e+01   1.2000000e+04   9.8340000e+02   1.3106000e+03   1.0834000e+02   1.4106000e+02
  -8.0000000e+00  -3.7500000e+01   4.0000000e+01   2.6000000e+04   1.7090000e+03   1.8782000e+03   1.8090000e+02   1.9782000e+02
  -8.0000000e+00  -3.7500000e+01   4.0000000e+01   6.0000000e+04   2.8981000e+03   2.5498000e+03   2.9981000e+02   2.6498000e+02
  -8.0000000e+00  -3.7500000e+01   4.0000000e+01   1.4000000e+05   4.5754000e+03   3.1378000e+03   4.6754000e+02   3.2378000e+02
  -8.0000000e+00   0.0000000e+00   4.1000000e+01   4.0000000e+02   4.8444000e+01   2.2678000e+02   1.4844400e+01   3.2678000e+01
  -8.0000000e+00   0.0000000e+00   4.1000000e+01   9.0000000e+02   1.7600000e+02   4.3053000e+02   2.7600000e+01   5.3053000e+01
  -8.0000000e+00   0.0000000e+00   4.1000000e+01   2.1000000e+03   4.6793000e+02   6.7215000e+02   5.6793000e+01   7.7215000e+01
  -8.0000000e+00   0.0000000e+00   4.1000000e+01   5.0000000e+03   8.7926000e+02   9.1993000e+02   9.7926000e+01   1.0199300e+02
  -8.0000000e+00   0.0000000e+00   4.1000000e+01   1.2000000e+04   1.4043000e+03   1.2562000e+03   1.5043000e+02   1.3562000e+02
  -8.0000000e+00   0.0000000e+00   4.1000000e+01   2.6000000e+04   2.0390000e+03   1.6903000e+03   2.1390000e+02   1.7903000e+02
  -8.0000000e+00   0.0000000e+00   4.1000000e+01   6.0000000e+04   3.0408000e+03   2.3106000e+03   3.1408000e+02   2.4106000e+02
  -8.0000000e+00   0.0000000e+00   4.1000000e+01   1.4000000e+05   4.5485000e+03   2.9735000e+03   4.6485000e+02   3.0735000e+02
  -8.0000000e+00   3.7500000e+01   4.2000000e+01   4.0000000e+02   2.4313000e+01   1.3494000e+02   1.2431300e+01   2.3494000e+01
  -8.0000000e+00   3.7500000e+01   4.2000000e+01   9.0000000e+02   8.1285000e+01   2.6647000e+02   1.8128500e+01   3.6647000e+01
  -8.0000000e+00   3.7500000e+01   4.2000000e+01   2.1000000e+03   2.2281000e+02   4.8098000e+02   3.2281000e+01   5.8098000e+01
  -8.0000000e+00   3.7500000e+01   4.2000000e+01   5.0000000e+03   4.9188000e+02   8.1389000e+02   5.9188000e+01   9.1389000e+01
  -8.0000000e+00   3.7500000e+01   4.2000000e+01   1.2000000e+04   9.8340000e+02   1.3107000e+03   1.0834000e+02   1.4107000e+02
  -8.0000000e+00   3.7500000e+01   4.2000000e+01   2.6000000e+04   1.7086000e+03   1.8785000e+03   1.8086000e+02   1.9785000e+02
  -8.0000000e+00   3.7500000e+01   4.2000000e+01   6.0000000e+04   2.8976000e+03   2.5508000e+03   2.9976000e+02   2.6508000e+02
  -8.0000000e+00   3.7500000e+01   4.2000000e+01   1.4000000e+05   4.5745000e+03   3.1408000e+03   4.6745000e+02   3.2408000e+02
  -8.0000000e+00   7.5000000e+01   4.3000000e+01   4.0000000e+02   1.5241000e+01   9.8720000e+01   1.1524100e+01   1.9872000e+01
  -8.0000000e+00   7.5000000e+01   4.3000000e+01   9.0000000e+02   4.6267000e+01   2.0092000e+02   1.4626700e+01   3.0092000e+01
  -8.0000000e+00   7.5000000e+01   4.3000000e+01   2.1000000e+03   1.3300000e+02   3.9757000e+02   2.3300000e+01   4.9757000e+01
  -8.0000000e+00   7.5000000e+01   4.3000000e+01   5.0000000e+03   3.4093000e+02   7.3939000e+02   4.4093000e+01   8.3939000e+01
  -8.0000000e+00   7.5000000e+01   4.3000000e+01   1.2000000e+04   7.7711000e+02   1.2770000e+03   8.7711000e+01   1.3770000e+02
  -8.0000000e+00   7.5000000e+01   4.3000000e+01   2.6000000e+04   1.4849000e+03   1.9241000e+03   1.5849000e+02   2.0241000e+02
  -8.0000000e+00   7.5000000e+01   4.3000000e+01   6.0000000e+04   2.7541000e+03   2.6970000e+03   2.8541000e+02   2.7970000e+02
  -8.0000000e+00   7.5000000e+01   4.3000000e+01   1.4000000e+05   4.5854000e+03   3.2682000e+03   4.6854000e+02   3.3682000e+02
  -8.0000000e+00   1.1250000e+02   4.4000000e+01   4.0000000e+02   1.3971000e+01   9.2301000e+01   1.1397100e+01   1.9230100e+01
  -8.0000000e+00   1.1250000e+02   4.4000000e+01   9.0000000e+02   4.1368000e+01   1.8828000e+02   1.4136800e+01   2.8828000e+01
  -8.0000000e+00   1.1250000e+02   4.4000000e+01   2.1000000e+03   1.1739000e+02   3.7740000e+02   2.1739000e+01   4.7740000e+01
  -8.0000000e+00   1.1250000e+02   4.4000000e+01   5.0000000e+03   3.0554000e+02   7.1877000e+02   4.0554000e+01   8.1877000e+01
  -8.0000000e+00   1.1250000e+02   4.4000000e+01   1.2000000e+04   7.2522000e+02   1.2775000e+03   8.2522000e+01   1.3775000e+02
  -8.0000000e+00   1.1250000e+02   4.4000000e+01   2.6000000e+04   1.4479000e+03   1.9510000e+03   1.5479000e+02   2.0510000e+02
  -8.0000000e+00   1.1250000e+02   4.4000000e+01   6.0000000e+04   2.7501000e+03   2.7160000e+03   2.8501000e+02   2.8160000e+02
  -8.0000000e+00   1.1250000e+02   4.4000000e+01   1.4000000e+05   4.5792000e+03   3.2646000e+03   4.6792000e+02   3.3646000e+02
  -8.0000000e+00   1.5000000e+02   4.5000000e+01   4.0000000e+02   1.3245000e+01   9.0067000e+01   1.1324500e+01   1.9006700e+01
  -8.0000000e+00   1.5000000e+02   4.5000000e+01   9.0000000e+02   3.9372000e+01   1.8385000e+02   1.3937200e+01   2.8385000e+01
  -8.0000000e+00   1.5000000e+02   4.5000000e+01   2.1000000e+03   1.1086000e+02   3.7061000e+02   2.1086000e+01   4.7061000e+01
  -8.0000000e+00   1.5000000e+02   4.5000000e+01   5.0000000e+03   2.9176000e+02   7.1532000e+02   3.9176000e+01   8.1532000e+01
  -8.0000000e+00   1.5000000e+02   4.5000000e+01   1.2000000e+04   7.1324000e+02   1.2844000e+03   8.1324000e+01   1.3844000e+02
  -8.0000000e+00   1.5000000e+02   4.5000000e+01   2.6000000e+04   1.4457000e+03   1.9572000e+03   1.5457000e+02   2.0572000e+02
  -8.0000000e+00   1.5000000e+02   4.5000000e+01   6.0000000e+04   2.7492000e+03   2.7155000e+03   2.8492000e+02   2.8155000e+02
  -8.0000000e+00   1.5000000e+02   4.5000000e+01   1.4000000e+05   4.5770000e+03   3.2607000e+03   4.6770000e+02   3.3607000e+02
   2.9500000e+01  -1.5000000e+02   4.6000000e+01   4.0000000e+02   1.3245000e+01   9.0034000e+01   1.1324500e+01   1.9003400e+01
   2.9500000e+01  -1.5000000e+02   4.6000000e+01   9.0000000e+02   3.9191000e+01   1.8383000e+02   1.3919100e+01   2.8383000e+01
   2.9500000e+01  -1.5000000e+02   4.6000000e+01   2.1000000e+03   1.1032000e+02   3.7097000e+02   2.1032000e+01   4.7097000e+01
   2.9500000e+01  -1.5000000e+02   4.6000000e+01   5.0000000e+03   2.9103000e+02   7.1730000e+02   3.9103000e+01   8.1730000e+01
   2.9500000e+01  -1.5000000e+02   4.6000000e+01   1.2000000e+04   7.1415000e+02   1.2888000e+03   8.1415000e+01   1.3888000e+02
   2.9500000e+01  -1.5000000e+02   4.6000000e+01   2.6000000e+04   1.4484000e+03   1.9643000e+03   1.5484000e+02   2.0643000e+02
   2.9500000e+01  -1.5000000e+02   4.6000000e+01   6.0000000e+04   2.7564000e+03   2.7275000e+03   2.8564000e+02   2.8275000e+02
   2.9500000e+01  -1.5000000e+02   4.6000000e+01   1.4000000e+05   4.5937000e+03   3.2772000e+03   4.6937000e+02   3.3772000e+02
   2.9500000e+01  -1.1250000e+02   4.7000000e+01   4.0000000e+02   1.3789000e+01   9.1675000e+01   1.1378900e+01   1.9167500e+01
   2.9500000e+01  -1.1250000e+02   4.7000000e+01   9.0000000e+02   4.0824000e+01   1.8700000e+02   1.4082400e+01   2.8700000e+01
   2.9500000e+01  -1.1250000e+02   4.7000000e+01   2.1000000e+03   1.1540000e+02   3.7544000e+02   2.1540000e+01   4.7544000e+01
   2.9500000e+01  -1.1250000e+02   4.7000000e+01   5.0000000e+03   3.0119000e+02   7.1781000e+02   4.0119000e+01   8.1781000e+01
   2.9500000e+01  -1.1250000e+02   4.7000000e+01   1.2000000e+04   7.2068000e+02   1.2812000e+03   8.2068000e+01   1.3812000e+02
   2.9500000e+01  -1.1250000e+02   4.7000000e+01   2.6000000e+04   1.4477000e+03   1.9575000e+03   1.5477000e+02   2.0575000e+02
   2.9500000e+01  -1.1250000e+02   4.7000000e+01   6.0000000e+04   2.7539000e+03   2.7224000e+03   2.8539000e+02   2.8224000e+02
   2.9500000e+01  -1.1250000e+02   4.7000000e+01   1.4000000e+05   4.5883000e+03   3.2710000e+03   4.6883000e+02   3.3710000e+02
   2.9500000e+01  -7.5000000e+01   4.8000000e+01   4.0000000e+02   1.4697000e+01   9.6052000e+01   1.1469700e+01   1.9605200e+01
   2.9500000e+01  -7.5000000e+01   4.8000000e+01   9.0000000e+02   4.4090000e+01   1.9570000e+02   1.4409000e+01   2.9570000e+01
   2.9500000e+01  -7.5000000e+01   4.8000000e+01   2.1000000e+03   1.2665000e+02   3.8938000e+02   2.2665000e+01   4.8938000e+01
   2.9500000e+01  -7.5000000e+01   4.8000000e+01   5.0000000e+03   3.2677000e+02   7.2996000e+02   4.2677000e+01   8.2996000e+01
   2.9500000e+01  -7.5000000e+01   4.8000000e+01   1.2000000e+04   7.5279000e+02   1.2752000e+03   8.5279000e+01   1.3752000e+02
   2.9500000e+01  -7.5000000e+01   4.8000000e+01   2.6000000e+04   1.4628000e+03   1.9397000e+03   1.5628000e+02   2.0397000e+02
   2.9500000e+01  -7.5000000e+01   4.8000000e+01   6.0000000e+04   2.7534000e+03   2.7203000e+03   2.8534000e+02   2.8203000e+02
   2.9500000e+01  -7.5000000e+01   4.8000000e+01   1.4000000e+05   4.5953000e+03   3.2837000e+03   4.6953000e+02   3.3837000e+02
   2.9500000e+01  -3.7500000e+01   4.9000000e+01   4.0000000e+02   1.8325000e+01   1.1130000e+02   1.1832500e+01   2.1130000e+01
   2.9500000e+01  -3.7500000e+01   4.9000000e+01   9.0000000e+02   5.7698000e+01   2.2405000e+02   1.5769800e+01   3.2405000e+01
   2.9500000e+01  -3.7500000e+01   4.9000000e+01   2.1000000e+03   1.6257000e+02   4.2937000e+02   2.6257000e+01   5.2937000e+01
   2.9500000e+01  -3.7500000e+01   4.9000000e+01   5.0000000e+03   3.9572000e+02   7.7392000e+02   4.9572000e+01   8.7392000e+01
   2.9500000e+01  -3.7500000e+01   4.9000000e+01   1.2000000e+04   8.6365000e+02   1.2956000e+03   9.6365000e+01   1.3956000e+02
   2.9500000e+01  -3.7500000e+01   4.9000000e+01   2.6000000e+04   1.5803000e+03   1.8972000e+03   1.6803000e+02   1.9972000e+02
   2.9500000e+01  -3.7500000e+01   4.9000000e+01   6.0000000e+04   2.7944000e+03   2.6284000e+03   2.8944000e+02   2.7284000e+02
   2.9500000e+01  -3.7500000e+01   4.9000000e+01   1.4000000e+05   4.5690000e+03   3.2399000e+03   4.6690000e+02   3.3399000e+02
   2.9500000e+01   0.0000000e+00   5.0000000e+01   4.0000000e+02   2.4313000e+01   1.3542000e+02   1.2431300e+01   2.3542000e+01
   2.9500000e+01   0.0000000e+00   5.0000000e+01   9.0000000e+02   8.1467000e+01   2.6746000e+02   1.8146700e+01   3.6746000e+01
   2.9500000e+01   0.0000000e+00   5.0000000e+01   2.1000000e+03   2.2353000e+02   4.8286000e+02   3.2353000e+01   5.8286000e+01
   2.9500000e+01   0.0000000e+00   5.0000000e+01   5.0000000e+03   4.9388000e+02   8.1727000e+02   5.9388000e+01   9.1727000e+01
   2.9500000e+01   0.0000000e+00   5.0000000e+01   1.2000000e+04   9.8849000e+02   1.3161000e+03   1.0884900e+02   1.4161000e+02
   2.9500000e+01   0.0000000e+00   5.0000000e+01   2.6000000e+04   1.7195000e+03   1.8825000e+03   1.8195000e+02   1.9825000e+02
   2.9500000e+01   0.0000000e+00   5.0000000e+01   6.0000000e+04   2.9098000e+03   2.5469000e+03   3.0098000e+02   2.6469000e+02
   2.9500000e+01   0.0000000e+00   5.0000000e+01   1.4000000e+05   4.5792000e+03   3.1317000e+03   4.6792000e+02   3.2317000e+02
   2.9500000e+01   3.7500000e+01   5.1000000e+01   4.0000000e+02   1.8325000e+01   1.1130000e+02   1.1832500e+01   2.1130000e+01
   2.9500000e+01   3.7500000e+01   5.1000000e+01   9.0000000e+02   5.7698000e+01   2.2405000e+02   1.5769800e+01   3.2405000e+01
   2.9500000e+01   3.7500000e+01   5.1000000e+01   2.1000000e+03   1.6257000e+02   4.2937000e+02   2.6257000e+01   5.2937000e+01
   2.9500000e+01   3.7500000e+01   5.1000000e+01   5.0000000e+03   3.9572000e+02   7.7394000e+02   4.9572000e+01   8.7394000e+01
   2.9500000e+01   3.7500000e+01   5.1000000e+01   1.2000000e+04   8.6365000e+02   1.2957000e+03   9.6365000e+01   1.3957000e+02
   2.9500000e+01   3.7500000e+01   5.1000000e+01   2.6000000e+04   1.5802000e+03   1.8975000e+03   1.6802000e+02   1.9975000e+02
   2.9500000e+01   3.7500000e+01   5.1000000e+01   6.0000000e+04   2.7940000e+03   2.6294000e+03   2.8940000e+02   2.7294000e+02
   2.9500000e+01   3.7500000e+01   5.1000000e+01   1.4000000e+05   4.5683000e+03   3.2430000e+03   4.6683000e+02   3.3430000e+02
   2.9500000e+01   7.5000000e+01   5.2000000e+01   4.0000000e+02   1.4697000e+01   9.6053000e+01   1.1469700e+01   1.9605300e+01
   2.9500000e+01   7.5000000e+01   5.2000000e+01   9.0000000e+02   4.4271000e+01   1.9570000e+02   1.4427100e+01   2.9570000e+01
   2.9500000e+01   7.5000000e+01   5.2000000e+01   2.1000000e+03   1.2665000e+02   3.8938000e+02   2.2665000e+01   4.8938000e+01
   2.9500000e+01   7.5000000e+01   5.2000000e+01   5.0000000e+03   3.2695000e+02   7.2993000e+02   4.2695000e+01   8.2993000e+01
   2.9500000e+01   7.5000000e+01   5.2000000e+01   1.2000000e+04   7.5298000e+02   1.2751000e+03   8.5298000e+01   1.3751000e+02
   2.9500000e+01   7.5000000e+01   5.2000000e+01   2.6000000e+04   1.4631000e+03   1.9394000e+03   1.5631000e+02   2.0394000e+02
   2.9500000e+01   7.5000000e+01   5.2000000e+01   6.0000000e+04   2.7539000e+03   2.7194000e+03   2.8539000e+02   2.8194000e+02
   2.9500000e+01   7.5000000e+01   5.2000000e+01   1.4000000e+05   4.5962000e+03   3.2808000e+03   4.6962000e+02   3.3808000e+02
   2.9500000e+01   1.1250000e+02   5.3000000e+01   4.0000000e+02   1.3789000e+01   9.1674000e+01   1.1378900e+01   1.9167400e+01
   2.9500000e+01   1.1250000e+02   5.3000000e+01   9.0000000e+02   4.0824000e+01   1.8700000e+02   1.4082400e+01   2.8700000e+01
   2.9500000e+01   1.1250000e+02   5.3000000e+01   2.1000000e+03   1.1540000e+02   3.7545000e+02   2.1540000e+01   4.7545000e+01
   2.9500000e+01   1.1250000e+02   5.3000000e+01   5.0000000e+03   3.0119000e+02   7.1783000e+02   4.0119000e+01   8.1783000e+01
   2.9500000e+01   1.1250000e+02   5.3000000e+01   1.2000000e+04   7.2050000e+02   1.2813000e+03   8.2050000e+01   1.3813000e+02
   2.9500000e+01   1.1250000e+02   5.3000000e+01   2.6000000e+04   1.4475000e+03   1.9577000e+03   1.5475000e+02   2.0577000e+02
   2.9500000e+01   1.1250000e+02   5.3000000e+01   6.0000000e+04   2.7535000e+03   2.7233000e+03   2.8535000e+02   2.8233000e+02
   2.9500000e+01   1.1250000e+02   5.3000000e+01   1.4000000e+05   4.5873000e+03   3.2739000e+03   4.6873000e+02   3.3739000e+02
   2.9500000e+01   1.5000000e+02   5.4000000e+01   4.0000000e+02   1.3245000e+01   8.9844000e+01   1.1324500e+01   1.8984400e+01
   2.9500000e+01   1.5000000e+02   5.4000000e+01   9.0000000e+02   3.9191000e+01   1.8342000e+02   1.3919100e+01   2.8342000e+01
   2.9500000e+01   1.5000000e+02   5.4000000e+01   2.1000000e+03   1.0995000e+02   3.7020000e+02   2.0995000e+01   4.7020000e+01
   2.9500000e+01   1.5000000e+02   5.4000000e+01   5.0000000e+03   2.9049000e+02   7.1601000e+02   3.9049000e+01   8.1601000e+01
   2.9500000e+01   1.5000000e+02   5.4000000e+01   1.2000000e+04   7.1270000e+02   1.2868000e+03   8.1270000e+01   1.3868000e+02
   2.9500000e+01   1.5000000e+02   5.4000000e+01   2.6000000e+04   1.4464000e+03   1.9611000e+03   1.5464000e+02   2.0611000e+02
   2.9500000e+01   1.5000000e+02   5.4000000e+01   6.0000000e+04   2.7523000e+03   2.7221000e+03   2.8523000e+02   2.8221000e+02
   2.9500000e+01   1.5000000e+02   5.4000000e+01   1.4000000e+05   4.5854000e+03   3.2698000e+03   4.6854000e+02   3.3698000e+02
   6.7000000e+01  -1.5000000e+02   5.5000000e+01   4.0000000e+02   1.3245000e+01   8.9709000e+01   1.1324500e+01   1.8970900e+01
   6.7000000e+01  -1.5000000e+02   5.5000000e+01   9.0000000e+02   3.9010000e+01   1.8316000e+02   1.3901000e+01   2.8316000e+01
   6.7000000e+01  -1.5000000e+02   5.5000000e+01   2.1000000e+03   1.0905000e+02   3.7020000e+02   2.0905000e+01   4.7020000e+01
   6.7000000e+01  -1.5000000e+02   5.5000000e+01   5.0000000e+03   2.8922000e+02   7.1816000e+02   3.8922000e+01   8.1816000e+01
   6.7000000e+01  -1.5000000e+02   5.5000000e+01   1.2000000e+04   7.1433000e+02   1.2909000e+03   8.1433000e+01   1.3909000e+02
   6.7000000e+01  -1.5000000e+02   5.5000000e+01   2.6000000e+04   1.4499000e+03   1.9656000e+03   1.5499000e+02   2.0656000e+02
   6.7000000e+01  -1.5000000e+02   5.5000000e+01   6.0000000e+04   2.7586000e+03   2.7281000e+03   2.8586000e+02   2.8281000e+02
   6.7000000e+01  -1.5000000e+02   5.5000000e+01   1.4000000e+05   4.5968000e+03   3.2766000e+03   4.6968000e+02   3.3766000e+02
   6.7000000e+01  -1.1250000e+02   5.6000000e+01   4.0000000e+02   1.3608000e+01   9.0726000e+01   1.1360800e+01   1.9072600e+01
   6.7000000e+01  -1.1250000e+02   5.6000000e+01   9.0000000e+02   4.0098000e+01   1.8498000e+02   1.4009800e+01   2.8498000e+01
   6.7000000e+01  -1.1250000e+02   5.6000000e+01   2.1000000e+03   1.1249000e+02   3.7220000e+02   2.1249000e+01   4.7220000e+01
   6.7000000e+01  -1.1250000e+02   5.6000000e+01   5.0000000e+03   2.9430000e+02   7.1669000e+02   3.9430000e+01   8.1669000e+01
   6.7000000e+01  -1.1250000e+02   5.6000000e+01   1.2000000e+04   7.1560000e+02   1.2864000e+03   8.1560000e+01   1.3864000e+02
   6.7000000e+01  -1.1250000e+02   5.6000000e+01   2.6000000e+04   1.4490000e+03   1.9622000e+03   1.5490000e+02   2.0622000e+02
   6.7000000e+01  -1.1250000e+02   5.6000000e+01   6.0000000e+04   2.7566000e+03   2.7235000e+03   2.8566000e+02   2.8235000e+02
   6.7000000e+01  -1.1250000e+02   5.6000000e+01   1.4000000e+05   4.5913000e+03   3.2702000e+03   4.6913000e+02   3.3702000e+02
   6.7000000e+01  -7.5000000e+01   5.7000000e+01   4.0000000e+02   1.4334000e+01   9.3010000e+01   1.1433400e+01   1.9301000e+01
   6.7000000e+01  -7.5000000e+01   5.7000000e+01   9.0000000e+02   4.2094000e+01   1.8950000e+02   1.4209400e+01   2.8950000e+01
   6.7000000e+01  -7.5000000e+01   5.7000000e+01   2.1000000e+03   1.1921000e+02   3.7896000e+02   2.1921000e+01   4.7896000e+01
   6.7000000e+01  -7.5000000e+01   5.7000000e+01   5.0000000e+03   3.0790000e+02   7.1937000e+02   4.0790000e+01   8.1937000e+01
   6.7000000e+01  -7.5000000e+01   5.7000000e+01   1.2000000e+04   7.2540000e+02   1.2801000e+03   8.2540000e+01   1.3801000e+02
   6.7000000e+01  -7.5000000e+01   5.7000000e+01   2.6000000e+04   1.4499000e+03   1.9595000e+03   1.5499000e+02   2.0595000e+02
   6.7000000e+01  -7.5000000e+01   5.7000000e+01   6.0000000e+04   2.7588000e+03   2.7308000e+03   2.8588000e+02   2.8308000e+02
   6.7000000e+01  -7.5000000e+01   5.7000000e+01   1.4000000e+05   4.5999000e+03   3.2841000e+03   4.6999000e+02   3.3841000e+02
   6.7000000e+01  -3.7500000e+01   5.8000000e+01   4.0000000e+02   1.4697000e+01   9.5937000e+01   1.1469700e+01   1.9593700e+01
   6.7000000e+01  -3.7500000e+01   5.8000000e+01   9.0000000e+02   4.4090000e+01   1.9553000e+02   1.4409000e+01   2.9553000e+01
   6.7000000e+01  -3.7500000e+01   5.8000000e+01   2.1000000e+03   1.2628000e+02   3.8941000e+02   2.2628000e+01   4.8941000e+01
   6.7000000e+01  -3.7500000e+01   5.8000000e+01   5.0000000e+03   3.2677000e+02   7.3066000e+02   4.2677000e+01   8.3066000e+01
   6.7000000e+01  -3.7500000e+01   5.8000000e+01   1.2000000e+04   7.5388000e+02   1.2759000e+03   8.5388000e+01   1.3759000e+02
   6.7000000e+01  -3.7500000e+01   5.8000000e+01   2.6000000e+04   1.4648000e+03   1.9387000e+03   1.5648000e+02   2.0387000e+02
   6.7000000e+01  -3.7500000e+01   5.8000000e+01   6.0000000e+04   2.7548000e+03   2.7169000e+03   2.8548000e+02   2.8169000e+02
   6.7000000e+01  -3.7500000e+01   5.8000000e+01   1.4000000e+05   4.5964000e+03   3.2762000e+03   4.6964000e+02   3.3762000e+02
   6.7000000e+01   0.0000000e+00   5.9000000e+01   4.0000000e+02   1.5241000e+01   9.8755000e+01   1.1524100e+01   1.9875500e+01
   6.7000000e+01   0.0000000e+00   5.9000000e+01   9.0000000e+02   4.6086000e+01   2.0106000e+02   1.4608600e+01   3.0106000e+01
   6.7000000e+01   0.0000000e+00   5.9000000e+01   2.1000000e+03   1.3281000e+02   3.9809000e+02   2.3281000e+01   4.9809000e+01
   6.7000000e+01   0.0000000e+00   5.9000000e+01   5.0000000e+03   3.4129000e+02   7.4065000e+02   4.4129000e+01   8.4065000e+01
   6.7000000e+01   0.0000000e+00   5.9000000e+01   1.2000000e+04   7.7910000e+02   1.2785000e+03   8.7910000e+01   1.3785000e+02
   6.7000000e+01   0.0000000e+00   5.9000000e+01   2.6000000e+04   1.4880000e+03   1.9238000e+03   1.5880000e+02   2.0238000e+02
   6.7000000e+01   0.0000000e+00   5.9000000e+01   6.0000000e+04   2.7561000e+03   2.6951000e+03   2.8561000e+02   2.7951000e+02
   6.7000000e+01   0.0000000e+00   5.9000000e+01   1.4000000e+05   4.5854000e+03   3.2653000e+03   4.6854000e+02   3.3653000e+02
   6.7000000e+01   3.7500000e+01   6.0000000e+01   4.0000000e+02   1.4515000e+01   9.5937000e+01   1.1451500e+01   1.9593700e+01
   6.7000000e+01   3.7500000e+01   6.0000000e+01   9.0000000e+02   4.3908000e+01   1.9553000e+02   1.4390800e+01   2.9553000e+01
   6.7000000e+01   3.7500000e+01   6.0000000e+01   2.1000000e+03   1.2610000e+02   3.8941000e+02   2.2610000e+01   4.8941000e+01
   6.7000000e+01   3.7500000e+01   6.0000000e+01   5.0000000e+03   3.2659000e+02   7.3069000e+02   4.2659000e+01   8.3069000e+01
   6.7000000e+01   3.7500000e+01   6.0000000e+01   1.2000000e+04   7.5370000e+02   1.2760000e+03   8.5370000e+01   1.3760000e+02
   6.7000000e+01   3.7500000e+01   6.0000000e+01   2.6000000e+04   1.4644000e+03   1.9390000e+03   1.5644000e+02   2.0390000e+02
   6.7000000e+01   3.7500000e+01   6.0000000e+01   6.0000000e+04   2.7541000e+03   2.7180000e+03   2.8541000e+02   2.8180000e+02
   6.7000000e+01   3.7500000e+01   6.0000000e+01   1.4000000e+05   4.5955000e+03   3.2794000e+03   4.6955000e+02   3.3794000e+02
   6.7000000e+01   7.5000000e+01   6.1000000e+01   4.0000000e+02   1.4152000e+01   9.3011000e+01   1.1415200e+01   1.9301100e+01
   6.7000000e+01   7.5000000e+01   6.1000000e+01   9.0000000e+02   4.2094000e+01   1.8950000e+02   1.4209400e+01   2.8950000e+01
   6.7000000e+01   7.5000000e+01   6.1000000e+01   2.1000000e+03   1.1921000e+02   3.7896000e+02   2.1921000e+01   4.7896000e+01
   6.7000000e+01   7.5000000e+01   6.1000000e+01   5.0000000e+03   3.0790000e+02   7.1935000e+02   4.0790000e+01   8.1935000e+01
   6.7000000e+01   7.5000000e+01   6.1000000e+01   1.2000000e+04   7.2540000e+02   1.2800000e+03   8.2540000e+01   1.3800000e+02
   6.7000000e+01   7.5000000e+01   6.1000000e+01   2.6000000e+04   1.4501000e+03   1.9592000e+03   1.5501000e+02   2.0592000e+02
   6.7000000e+01   7.5000000e+01   6.1000000e+01   6.0000000e+04   2.7592000e+03   2.7298000e+03   2.8592000e+02   2.8298000e+02
   6.7000000e+01   7.5000000e+01   6.1000000e+01   1.4000000e+05   4.6008000e+03   3.2809000e+03   4.7008000e+02   3.3809000e+02
   6.7000000e+01   1.1250000e+02   6.2000000e+01   4.0000000e+02   1.3608000e+01   9.0725000e+01   1.1360800e+01   1.9072500e+01
   6.7000000e+01   1.1250000e+02   6.2000000e+01   9.0000000e+02   4.0098000e+01   1.8498000e+02   1.4009800e+01   2.8498000e+01
   6.7000000e+01   1.1250000e+02   6.2000000e+01   2.1000000e+03   1.1249000e+02   3.7220000e+02   2.1249000e+01   4.7220000e+01
   6.7000000e+01   1.1250000e+02   6.2000000e+01   5.0000000e+03   2.9430000e+02   7.1672000e+02   3.9430000e+01   8.1672000e+01
   6.7000000e+01   1.1250000e+02   6.2000000e+01   1.2000000e+04   7.1560000e+02   1.2865000e+03   8.1560000e+01   1.3865000e+02
   6.7000000e+01   1.1250000e+02   6.2000000e+01   2.6000000e+04   1.4488000e+03   1.9625000e+03   1.5488000e+02   2.0625000e+02
   6.7000000e+01   1.1250000e+02   6.2000000e+01   6.0000000e+04   2.7561000e+03   2.7244000e+03   2.8561000e+02   2.8244000e+02
   6.7000000e+01   1.1250000e+02   6.2000000e+01   1.4000000e+05   4.5904000e+03   3.2733000e+03   4.6904000e+02   3.3733000e+02
   6.7000000e+01   1.5000000e+02   6.3000000e+01   4.0000000e+02   1.3245000e+01   8.9523000e+01   1.1324500e+01   1.8952300e+01
   6.7000000e+01   1.5000000e+02   6.3000000e+01   9.0000000e+02   3.8828000e+01   1.8276000e+02   1.3882800e+01   2.8276000e+01
   6.7000000e+01   1.5000000e+02   6.3000000e+01   2.1000000e+03   1.0868000e+02   3.6944000e+02   2.0868000e+01   4.6944000e+01
   6.7000000e+01   1.5000000e+02   6.3000000e+01   5.0000000e+03   2.8849000e+02   7.1688000e+02   3.8849000e+01   8.1688000e+01
   6.7000000e+01   1.5000000e+02   6.3000000e+01   1.2000000e+04   7.1288000e+02   1.2889000e+03   8.1288000e+01   1.3889000e+02
   6.7000000e+01   1.5000000e+02   6.3000000e+01   2.6000000e+04   1.4477000e+03   1.9625000e+03   1.5477000e+02   2.0625000e+02
   6.7000000e+01   1.5000000e+02   6.3000000e+01   6.0000000e+04   2.7543000e+03   2.7227000e+03   2.8543000e+02   2.8227000e+02
   6.7000000e+01   1.5000000e+02   6.3000000e+01   1.4000000e+05   4.5883000e+03   3.2693000e+03   4.6883000e+02   3.3693000e+02
   1.0450000e+02  -1.5000000e+02   6.4000000e+01   4.0000000e+02   1.3064000e+01   8.9237000e+01   1.1306400e+01   1.8923700e+01
   1.0450000e+02  -1.5000000e+02   6.4000000e+01   9.0000000e+02   3.8465000e+01   1.8232000e+02   1.3846500e+01   2.8232000e+01
   1.0450000e+02  -1.5000000e+02   6.4000000e+01   2.1000000e+03   1.0759000e+02   3.6918000e+02   2.0759000e+01   4.6918000e+01
   1.0450000e+02  -1.5000000e+02   6.4000000e+01   5.0000000e+03   2.8740000e+02   7.1811000e+02   3.8740000e+01   8.1811000e+01
   1.0450000e+02  -1.5000000e+02   6.4000000e+01   1.2000000e+04   7.1378000e+02   1.2901000e+03   8.1378000e+01   1.3901000e+02
   1.0450000e+02  -1.5000000e+02   6.4000000e+01   2.6000000e+04   1.4490000e+03   1.9625000e+03   1.5490000e+02   2.0625000e+02
   1.0450000e+02  -1.5000000e+02   6.4000000e+01   6.0000000e+04   2.7550000e+03   2.7219000e+03   2.8550000e+02   2.8219000e+02
   1.0450000e+02  -1.5000000e+02   6.4000000e+01   1.4000000e+05   4.5870000e+03   3.2687000e+03   4.6870000e+02   3.3687000e+02
   1.0450000e+02  -1.1250000e+02   6.5000000e+01   4.0000000e+02   1.3245000e+01   8.9780000e+01   1.1324500e+01   1.8978000e+01
   1.0450000e+02  -1.1250000e+02   6.5000000e+01   9.0000000e+02   3.9191000e+01   1.8317000e+02   1.3919100e+01   2.8317000e+01
   1.0450000e+02  -1.1250000e+02   6.5000000e+01   2.1000000e+03   1.0959000e+02   3.6975000e+02   2.0959000e+01   4.6975000e+01
   1.0450000e+02  -1.1250000e+02   6.5000000e+01   5.0000000e+03   2.8940000e+02   7.1653000e+02   3.8940000e+01   8.1653000e+01
   1.0450000e+02  -1.1250000e+02   6.5000000e+01   1.2000000e+04   7.1378000e+02   1.2878000e+03   8.1378000e+01   1.3878000e+02
   1.0450000e+02  -1.1250000e+02   6.5000000e+01   2.6000000e+04   1.4483000e+03   1.9599000e+03   1.5483000e+02   2.0599000e+02
   1.0450000e+02  -1.1250000e+02   6.5000000e+01   6.0000000e+04   2.7528000e+03   2.7174000e+03   2.8528000e+02   2.8174000e+02
   1.0450000e+02  -1.1250000e+02   6.5000000e+01   1.4000000e+05   4.5814000e+03   3.2626000e+03   4.6814000e+02   3.3626000e+02
   1.0450000e+02  -7.5000000e+01   6.6000000e+01   4.0000000e+02   1.3608000e+01   9.0731000e+01   1.1360800e+01   1.9073100e+01
   1.0450000e+02  -7.5000000e+01   6.6000000e+01   9.0000000e+02   4.0098000e+01   1.8500000e+02   1.4009800e+01   2.8500000e+01
   1.0450000e+02  -7.5000000e+01   6.6000000e+01   2.1000000e+03   1.1249000e+02   3.7229000e+02   2.1249000e+01   4.7229000e+01
   1.0450000e+02  -7.5000000e+01   6.6000000e+01   5.0000000e+03   2.9430000e+02   7.1692000e+02   3.9430000e+01   8.1692000e+01
   1.0450000e+02  -7.5000000e+01   6.6000000e+01   1.2000000e+04   7.1560000e+02   1.2867000e+03   8.1560000e+01   1.3867000e+02
   1.0450000e+02  -7.5000000e+01   6.6000000e+01   2.6000000e+04   1.4488000e+03   1.9629000e+03   1.5488000e+02   2.0629000e+02
   1.0450000e+02  -7.5000000e+01   6.6000000e+01   6.0000000e+04   2.7559000e+03   2.7258000e+03   2.8559000e+02   2.8258000e+02
   1.0450000e+02  -7.5000000e+01   6.6000000e+01   1.4000000e+05   4.5901000e+03   3.2767000e+03   4.6901000e+02   3.3767000e+02
   1.0450000e+02  -3.7500000e+01   6.7000000e+01   4.0000000e+02   1.3789000e+01   9.1662000e+01   1.1378900e+01   1.9166200e+01
   1.0450000e+02  -3.7500000e+01   6.7000000e+01   9.0000000e+02   4.0643000e+01   1.8702000e+02   1.4064300e+01   2.8702000e+01
   1.0450000e+02  -3.7500000e+01   6.7000000e+01   2.1000000e+03   1.1521000e+02   3.7566000e+02   2.1521000e+01   4.7566000e+01
   1.0450000e+02  -3.7500000e+01   6.7000000e+01   5.0000000e+03   3.0137000e+02   7.1835000e+02   4.0137000e+01   8.1835000e+01
   1.0450000e+02  -3.7500000e+01   6.7000000e+01   1.2000000e+04   7.2141000e+02   1.2813000e+03   8.2141000e+01   1.3813000e+02
   1.0450000e+02  -3.7500000e+01   6.7000000e+01   2.6000000e+04   1.4483000e+03   1.9569000e+03   1.5483000e+02   2.0569000e+02
   1.0450000e+02  -3.7500000e+01   6.7000000e+01   6.0000000e+04   2.7539000e+03   2.7219000e+03   2.8539000e+02   2.8219000e+02
   1.0450000e+02  -3.7500000e+01   6.7000000e+01   1.4000000e+05   4.5881000e+03   3.2705000e+03   4.6881000e+02   3.3705000e+02
   1.0450000e+02   0.0000000e+00   6.8000000e+01   4.0000000e+02   1.3789000e+01   9.2364000e+01   1.1378900e+01   1.9236400e+01
   1.0450000e+02   0.0000000e+00   6.8000000e+01   9.0000000e+02   4.1187000e+01   1.8845000e+02   1.4118700e+01   2.8845000e+01
   1.0450000e+02   0.0000000e+00   6.8000000e+01   2.1000000e+03   1.1739000e+02   3.7789000e+02   2.1739000e+01   4.7789000e+01
   1.0450000e+02   0.0000000e+00   6.8000000e+01   5.0000000e+03   3.0609000e+02   7.1959000e+02   4.0609000e+01   8.1959000e+01
   1.0450000e+02   0.0000000e+00   6.8000000e+01   1.2000000e+04   7.2667000e+02   1.2776000e+03   8.2667000e+01   1.3776000e+02
   1.0450000e+02   0.0000000e+00   6.8000000e+01   2.6000000e+04   1.4488000e+03   1.9500000e+03   1.5488000e+02   2.0500000e+02
   1.0450000e+02   0.0000000e+00   6.8000000e+01   6.0000000e+04   2.7499000e+03   2.7151000e+03   2.8499000e+02   2.8151000e+02
   1.0450000e+02   0.0000000e+00   6.8000000e+01   1.4000000e+05   4.5788000e+03   3.2640000e+03   4.6788000e+02   3.3640000e+02
   1.0450000e+02   3.7500000e+01   6.9000000e+01   4.0000000e+02   1.3789000e+01   9.1662000e+01   1.1378900e+01   1.9166200e+01
   1.0450000e+02   3.7500000e+01   6.9000000e+01   9.0000000e+02   4.0643000e+01   1.8702000e+02   1.4064300e+01   2.8702000e+01
   1.0450000e+02   3.7500000e+01   6.9000000e+01   2.1000000e+03   1.1521000e+02   3.7566000e+02   2.1521000e+01   4.7566000e+01
   1.0450000e+02   3.7500000e+01   6.9000000e+01   5.0000000e+03   3.0137000e+02   7.1837000e+02   4.0137000e+01   8.1837000e+01
   1.0450000e+02   3.7500000e+01   6.9000000e+01   1.2000000e+04   7.2141000e+02   1.2814000e+03   8.2141000e+01   1.3814000e+02
   1.0450000e+02   3.7500000e+01   6.9000000e+01   2.6000000e+04   1.4481000e+03   1.9572000e+03   1.5481000e+02   2.0572000e+02
   1.0450000e+02   3.7500000e+01   6.9000000e+01   6.0000000e+04   2.7535000e+03   2.7229000e+03   2.8535000e+02   2.8229000e+02
   1.0450000e+02   3.7500000e+01   6.9000000e+01   1.4000000e+05   4.5872000e+03   3.2735000e+03   4.6872000e+02   3.3735000e+02
   1.0450000e+02   7.5000000e+01   7.0000000e+01   4.0000000e+02   1.3608000e+01   9.0731000e+01   1.1360800e+01   1.9073100e+01
   1.0450000e+02   7.5000000e+01   7.0000000e+01   9.0000000e+02   4.0098000e+01   1.8500000e+02   1.4009800e+01   2.8500000e+01
   1.0450000e+02   7.5000000e+01   7.0000000e+01   2.1000000e+03   1.1249000e+02   3.7228000e+02   2.1249000e+01   4.7228000e+01
   1.0450000e+02   7.5000000e+01   7.0000000e+01   5.0000000e+03   2.9430000e+02   7.1690000e+02   3.9430000e+01   8.1690000e+01
   1.0450000e+02   7.5000000e+01   7.0000000e+01   1.2000000e+04   7.1578000e+02   1.2866000e+03   8.1578000e+01   1.3866000e+02
   1.0450000e+02   7.5000000e+01   7.0000000e+01   2.6000000e+04   1.4488000e+03   1.9627000e+03   1.5488000e+02   2.0627000e+02
   1.0450000e+02   7.5000000e+01   7.0000000e+01   6.0000000e+04   2.7564000e+03   2.7248000e+03   2.8564000e+02   2.8248000e+02
   1.0450000e+02   7.5000000e+01   7.0000000e+01   1.4000000e+05   4.5910000e+03   3.2737000e+03   4.6910000e+02   3.3737000e+02
   1.0450000e+02   1.1250000e+02   7.1000000e+01   4.0000000e+02   1.3245000e+01   8.9780000e+01   1.1324500e+01   1.8978000e+01
   1.0450000e+02   1.1250000e+02   7.1000000e+01   9.0000000e+02   3.9191000e+01   1.8317000e+02   1.3919100e+01   2.8317000e+01
   1.0450000e+02   1.1250000e+02   7.1000000e+01   2.1000000e+03   1.0941000e+02   3.6975000e+02   2.0941000e+01   4.6975000e+01
   1.0450000e+02   1.1250000e+02   7.1000000e+01   5.0000000e+03   2.8940000e+02   7.1655000e+02   3.8940000e+01   8.1655000e+01
   1.0450000e+02   1.1250000e+02   7.1000000e+01   1.2000000e+04   7.1360000e+02   1.2879000e+03   8.1360000e+01   1.3879000e+02
   1.0450000e+02   1.1250000e+02   7.1000000e+01   2.6000000e+04   1.4481000e+03   1.9602000e+03   1.5481000e+02   2.0602000e+02
   1.0450000e+02   1.1250000e+02   7.1000000e+01   6.0000000e+04   2.7524000e+03   2.7183000e+03   2.8524000e+02   2.8183000e+02
   1.0450000e+02   1.1250000e+02   7.1000000e+01   1.4000000e+05   4.5805000e+03   3.2654000e+03   4.6805000e+02   3.3654000e+02
   1.0450000e+02   1.5000000e+02   7.2000000e+01   4.0000000e+02   1.2882000e+01   8.9050000e+01   1.1288200e+01   1.8905000e+01
   1.0450000e+02   1.5000000e+02   7.2000000e+01   9.0000000e+02   3.8284000e+01   1.8192000e+02   1.3828400e+01   2.8192000e+01
   1.0450000e+02   1.5000000e+02   7.2000000e+01   2.1000000e+03   1.0723000e+02   3.6841000e+02   2.0723000e+01   4.6841000e+01
   1.0450000e+02   1.5000000e+02   7.2000000e+01   5.0000000e+03   2.8668000e+02   7.1680000e+02   3.8668000e+01   8.1680000e+01
   1.0450000e+02   1.5000000e+02   7.2000000e+01   1.2000000e+04   7.1215000e+02   1.2880000e+03   8.1215000e+01   1.3880000e+02
   1.0450000e+02   1.5000000e+02   7.2000000e+01   2.6000000e+04   1.4466000e+03   1.9593000e+03   1.5466000e+02   2.0593000e+02
   1.0450000e+02   1.5000000e+02   7.2000000e+01   6.0000000e+04   2.7506000e+03   2.7163000e+03   2.8506000e+02   2.8163000e+02
   1.0450000e+02   1.5000000e+02   7.2000000e+01   1.4000000e+05   4.5783000e+03   3.2612000e+03   4.6783000e+02   3.3612000e+02
   1.4200000e+02  -1.5000000e+02   7.3000000e+01   4.0000000e+02   1.2701000e+01   8.8785000e+01   1.1270100e+01   1.8878500e+01
   1.4200000e+02  -1.5000000e+02   7.3000000e+01   9.0000000e+02   3.7921000e+01   1.8157000e+02   1.3792100e+01   2.8157000e+01
   1.4200000e+02  -1.5000000e+02   7.3000000e+01   2.1000000e+03   1.0614000e+02   3.6826000e+02   2.0614000e+01   4.6826000e+01
   1.4200000e+02  -1.5000000e+02   7.3000000e+01   5.0000000e+03   2.8577000e+02   7.1766000e+02   3.8577000e+01   8.1766000e+01
   1.4200000e+02  -1.5000000e+02   7.3000000e+01   1.2000000e+04   7.1215000e+02   1.2890000e+03   8.1215000e+01   1.3890000e+02
   1.4200000e+02  -1.5000000e+02   7.3000000e+01   2.6000000e+04   1.4468000e+03   1.9608000e+03   1.5468000e+02   2.0608000e+02
   1.4200000e+02  -1.5000000e+02   7.3000000e+01   6.0000000e+04   2.7519000e+03   2.7192000e+03   2.8519000e+02   2.8192000e+02
   1.4200000e+02  -1.5000000e+02   7.3000000e+01   1.4000000e+05   4.5832000e+03   3.2641000e+03   4.6832000e+02   3.3641000e+02
   1.4200000e+02  -1.1250000e+02   7.4000000e+01   4.0000000e+02   1.2882000e+01   8.9024000e+01   1.1288200e+01   1.8902400e+01
   1.4200000e+02  -1.1250000e+02   7.4000000e+01   9.0000000e+02   3.8102000e+01   1.8186000e+02   1.3810200e+01   2.8186000e+01
   1.4200000e+02  -1.1250000e+02   7.4000000e+01   2.1000000e+03   1.0705000e+02   3.6831000e+02   2.0705000e+01   4.6831000e+01
   1.4200000e+02  -1.1250000e+02   7.4000000e+01   5.0000000e+03   2.8649000e+02   7.1656000e+02   3.8649000e+01   8.1656000e+01
   1.4200000e+02  -1.1250000e+02   7.4000000e+01   1.2000000e+04   7.1197000e+02   1.2875000e+03   8.1197000e+01   1.3875000e+02
   1.4200000e+02  -1.1250000e+02   7.4000000e+01   2.6000000e+04   1.4463000e+03   1.9584000e+03   1.5463000e+02   2.0584000e+02
   1.4200000e+02  -1.1250000e+02   7.4000000e+01   6.0000000e+04   2.7499000e+03   2.7147000e+03   2.8499000e+02   2.8147000e+02
   1.4200000e+02  -1.1250000e+02   7.4000000e+01   1.4000000e+05   4.5775000e+03   3.2577000e+03   4.6775000e+02   3.3577000e+02
   1.4200000e+02  -7.5000000e+01   7.5000000e+01   4.0000000e+02   1.3245000e+01   8.9526000e+01   1.1324500e+01   1.8952600e+01
   1.4200000e+02  -7.5000000e+01   7.5000000e+01   9.0000000e+02   3.8828000e+01   1.8276000e+02   1.3882800e+01   2.8276000e+01
   1.4200000e+02  -7.5000000e+01   7.5000000e+01   2.1000000e+03   1.0886000e+02   3.6946000e+02   2.0886000e+01   4.6946000e+01
   1.4200000e+02  -7.5000000e+01   7.5000000e+01   5.0000000e+03   2.8849000e+02   7.1678000e+02   3.8849000e+01   8.1678000e+01
   1.4200000e+02  -7.5000000e+01   7.5000000e+01   1.2000000e+04   7.1270000e+02   1.2886000e+03   8.1270000e+01   1.3886000e+02
   1.4200000e+02  -7.5000000e+01   7.5000000e+01   2.6000000e+04   1.4472000e+03   1.9623000e+03   1.5472000e+02   2.0623000e+02
   1.4200000e+02  -7.5000000e+01   7.5000000e+01   6.0000000e+04   2.7534000e+03   2.7232000e+03   2.8534000e+02   2.8232000e+02
   1.4200000e+02  -7.5000000e+01   7.5000000e+01   1.4000000e+05   4.5866000e+03   3.2718000e+03   4.6866000e+02   3.3718000e+02
   1.4200000e+02  -3.7500000e+01   7.6000000e+01   4.0000000e+02   1.3245000e+01   8.9862000e+01   1.1324500e+01   1.8986200e+01
   1.4200000e+02  -3.7500000e+01   7.6000000e+01   9.0000000e+02   3.9191000e+01   1.8346000e+02   1.3919100e+01   2.8346000e+01
   1.4200000e+02  -3.7500000e+01   7.6000000e+01   2.1000000e+03   1.1013000e+02   3.7034000e+02   2.1013000e+01   4.7034000e+01
   1.4200000e+02  -3.7500000e+01   7.6000000e+01   5.0000000e+03   2.9085000e+02   7.1599000e+02   3.9085000e+01   8.1599000e+01
   1.4200000e+02  -3.7500000e+01   7.6000000e+01   1.2000000e+04   7.1306000e+02   1.2861000e+03   8.1306000e+01   1.3861000e+02
   1.4200000e+02  -3.7500000e+01   7.6000000e+01   2.6000000e+04   1.4463000e+03   1.9599000e+03   1.5463000e+02   2.0599000e+02
   1.4200000e+02  -3.7500000e+01   7.6000000e+01   6.0000000e+04   2.7519000e+03   2.7201000e+03   2.8519000e+02   2.8201000e+02
   1.4200000e+02  -3.7500000e+01   7.6000000e+01   1.4000000e+05   4.5846000e+03   3.2658000e+03   4.6846000e+02   3.3658000e+02
   1.4200000e+02   0.0000000e+00   7.7000000e+01   4.0000000e+02   1.3427000e+01   9.0125000e+01   1.1342700e+01   1.9012500e+01
   1.4200000e+02   0.0000000e+00   7.7000000e+01   9.0000000e+02   3.9372000e+01   1.8397000e+02   1.3937200e+01   2.8397000e+01
   1.4200000e+02   0.0000000e+00   7.7000000e+01   2.1000000e+03   1.1104000e+02   3.7093000e+02   2.1104000e+01   4.7093000e+01
   1.4200000e+02   0.0000000e+00   7.7000000e+01   5.0000000e+03   2.9266000e+02   7.1545000e+02   3.9266000e+01   8.1545000e+01
   1.4200000e+02   0.0000000e+00   7.7000000e+01   1.2000000e+04   7.1397000e+02   1.2836000e+03   8.1397000e+01   1.3836000e+02
   1.4200000e+02   0.0000000e+00   7.7000000e+01   2.6000000e+04   1.4455000e+03   1.9560000e+03   1.5455000e+02   2.0560000e+02
   1.4200000e+02   0.0000000e+00   7.7000000e+01   6.0000000e+04   2.7483000e+03   2.7143000e+03   2.8483000e+02   2.8143000e+02
   1.4200000e+02   0.0000000e+00   7.7000000e+01   1.4000000e+05   4.5756000e+03   3.2595000e+03   4.6756000e+02   3.3595000e+02
   1.4200000e+02   3.7500000e+01   7.8000000e+01   4.0000000e+02   1.3245000e+01   8.9861000e+01   1.1324500e+01   1.8986100e+01
   1.4200000e+02   3.7500000e+01   7.8000000e+01   9.0000000e+02   3.9010000e+01   1.8346000e+02   1.3901000e+01   2.8346000e+01
   1.4200000e+02   3.7500000e+01   7.8000000e+01   2.1000000e+03   1.0995000e+02   3.7035000e+02   2.0995000e+01   4.7035000e+01
   1.4200000e+02   3.7500000e+01   7.8000000e+01   5.0000000e+03   2.9067000e+02   7.1601000e+02   3.9067000e+01   8.1601000e+01
   1.4200000e+02   3.7500000e+01   7.8000000e+01   1.2000000e+04   7.1288000e+02   1.2862000e+03   8.1288000e+01   1.3862000e+02
   1.4200000e+02   3.7500000e+01   7.8000000e+01   2.6000000e+04   1.4461000e+03   1.9602000e+03   1.5461000e+02   2.0602000e+02
   1.4200000e+02   3.7500000e+01   7.8000000e+01   6.0000000e+04   2.7514000e+03   2.7211000e+03   2.8514000e+02   2.8211000e+02
   1.4200000e+02   3.7500000e+01   7.8000000e+01   1.4000000e+05   4.5835000e+03   3.2688000e+03   4.6835000e+02   3.3688000e+02
   1.4200000e+02   7.5000000e+01   7.9000000e+01   4.0000000e+02   1.3245000e+01   8.9526000e+01   1.1324500e+01   1.8952600e+01
   1.4200000e+02   7.5000000e+01   7.9000000e+01   9.0000000e+02   3.8828000e+01   1.8276000e+02   1.3882800e+01   2.8276000e+01
   1.4200000e+02   7.5000000e+01   7.9000000e+01   2.1000000e+03   1.0868000e+02   3.6946000e+02   2.0868000e+01   4.6946000e+01
   1.4200000e+02   7.5000000e+01   7.9000000e+01   5.0000000e+03   2.8849000e+02   7.1676000e+02   3.8849000e+01   8.1676000e+01
   1.4200000e+02   7.5000000e+01   7.9000000e+01   1.2000000e+04   7.1270000e+02   1.2885000e+03   8.1270000e+01   1.3885000e+02
   1.4200000e+02   7.5000000e+01   7.9000000e+01   2.6000000e+04   1.4473000e+03   1.9620000e+03   1.5473000e+02   2.0620000e+02
   1.4200000e+02   7.5000000e+01   7.9000000e+01   6.0000000e+04   2.7537000e+03   2.7222000e+03   2.8537000e+02   2.8222000e+02
   1.4200000e+02   7.5000000e+01   7.9000000e+01   1.4000000e+05   4.5873000e+03   3.2689000e+03   4.6873000e+02   3.3689000e+02
   1.4200000e+02   1.1250000e+02   8.0000000e+01   4.0000000e+02   1.3064000e+01   8.9023000e+01   1.1306400e+01   1.8902300e+01
   1.4200000e+02   1.1250000e+02   8.0000000e+01   9.0000000e+02   3.8284000e+01   1.8186000e+02   1.3828400e+01   2.8186000e+01
   1.4200000e+02   1.1250000e+02   8.0000000e+01   2.1000000e+03   1.0723000e+02   3.6831000e+02   2.0723000e+01   4.6831000e+01
   1.4200000e+02   1.1250000e+02   8.0000000e+01   5.0000000e+03   2.8668000e+02   7.1658000e+02   3.8668000e+01   8.1658000e+01
   1.4200000e+02   1.1250000e+02   8.0000000e+01   1.2000000e+04   7.1197000e+02   1.2876000e+03   8.1197000e+01   1.3876000e+02
   1.4200000e+02   1.1250000e+02   8.0000000e+01   2.6000000e+04   1.4463000e+03   1.9586000e+03   1.5463000e+02   2.0586000e+02
   1.4200000e+02   1.1250000e+02   8.0000000e+01   6.0000000e+04   2.7495000e+03   2.7156000e+03   2.8495000e+02   2.8156000e+02
   1.4200000e+02   1.1250000e+02   8.0000000e+01   1.4000000e+05   4.5768000e+03   3.2605000e+03   4.6768000e+02   3.3605000e+02
   1.4200000e+02   1.5000000e+02   8.1000000e+01   4.0000000e+02   1.2701000e+01   8.8596000e+01   1.1270100e+01   1.8859600e+01
   1.4200000e+02   1.5000000e+02   8.1000000e+01   9.0000000e+02   3.7740000e+01   1.8116000e+02   1.3774000e+01   2.8116000e+01
   1.4200000e+02   1.5000000e+02   8.1000000e+01   2.1000000e+03   1.0596000e+02   3.6749000e+02   2.0596000e+01   4.6749000e+01
   1.4200000e+02   1.5000000e+02   8.1000000e+01   5.0000000e+03   2.8504000e+02   7.1635000e+02   3.8504000e+01   8.1635000e+01
   1.4200000e+02   1.5000000e+02   8.1000000e+01   1.2000000e+04   7.1070000e+02   1.2870000e+03   8.1070000e+01   1.3870000e+02
   1.4200000e+02   1.5000000e+02   8.1000000e+01   2.6000000e+04   1.4444000e+03   1.9575000e+03   1.5444000e+02   2.0575000e+02
   1.4200000e+02   1.5000000e+02   8.1000000e+01   6.0000000e+04   2.7475000e+03   2.7137000e+03   2.8475000e+02   2.8137000e+02
   1.4200000e+02   1.5000000e+02   8.1000000e+01   1.4000000e+05   4.5746000e+03   3.2567000e+03   4.6746000e+02   3.3567000e+02
