  #     beta     phi_d     phi_m   phi_m_small     phi_m_smoomth_x     phi_m_smoomth_y     phi_m_smoomth_z      phi
   1 1.1963e+06 6.7640e+02 3.5279e-06 3.4919e-06 1.7688e-08 1.8347e-08  0.0000e+00  9.6047e+04
   2 5.9817e+05 6.6019e+02 1.3666e-05 1.3526e-05 6.8431e-08 7.1515e-08  0.0000e+00  6.8062e+02
   3 2.9908e+05 6.2997e+02 5.1361e-05 5.0832e-05 2.5664e-07 2.7214e-07  0.0000e+00  6.6836e+02
   4 1.4954e+05 5.7710e+02 1.8264e-04 1.8074e-04 9.0978e-07 9.9172e-07  0.0000e+00  6.4533e+02
   5 7.4771e+04 4.9419e+02 5.9126e-04 5.8495e-04 2.9386e-06 3.3657e-06  0.0000e+00  6.0441e+02
   6 3.7386e+04 3.8417e+02 1.6637e-03 1.6451e-03 8.3255e-06 1.0325e-05  0.0000e+00  5.3840e+02
   7 1.8693e+04 2.6622e+02 3.9335e-03 3.8849e-03 2.0414e-05 2.8144e-05  0.0000e+00  4.4637e+02
   8 9.3464e+03 1.6468e+02 7.7947e-03 7.6821e-03 4.4344e-05 6.8183e-05  0.0000e+00  3.3975e+02
   9 4.6732e+03 9.2702e+01 1.3211e-02 1.2975e-02 8.7874e-05 1.4814e-04  0.0000e+00  2.3753e+02
  10 2.3366e+03 4.9649e+01 1.9637e-02 1.9182e-02 1.6175e-04 2.9389e-04  0.0000e+00  1.5444e+02
  11 1.1683e+03 3.1175e+01 2.5235e-02 2.4277e-02 3.2545e-04 6.3188e-04  0.0000e+00  9.5534e+01
  12 5.8415e+02 1.7960e+01 3.3208e-02 3.1431e-02 5.8549e-04 1.1918e-03  0.0000e+00  6.0657e+01
  13 2.9208e+02 9.8410e+00 4.2899e-02 4.0032e-02 9.2780e-04 1.9400e-03  0.0000e+00  3.7358e+01
  14 1.4604e+02 5.7214e+00 5.2627e-02 4.8593e-02 1.3006e-03 2.7338e-03  0.0000e+00  2.2371e+01
  15 7.3019e+01 3.9432e+00 6.0971e-02 5.5880e-02 1.6583e-03 3.4326e-03  0.0000e+00  1.3407e+01
  16 3.6509e+01 3.1913e+00 6.8071e-02 6.2030e-02 2.0312e-03 4.0091e-03  0.0000e+00  8.3952e+00
  17 1.8255e+01 2.7508e+00 7.6604e-02 6.9379e-02 2.6422e-03 4.5834e-03  0.0000e+00  5.6766e+00
  18 9.1273e+00 2.2783e+00 9.5260e-02 8.5451e-02 4.2947e-03 5.5144e-03  0.0000e+00  4.1492e+00
  19 4.5637e+00 1.8105e+00 1.4187e-01 1.2571e-01 8.6978e-03 7.4642e-03  0.0000e+00  3.1478e+00
  20 2.2818e+00 1.4989e+00 1.8767e-01 1.6518e-01 1.2871e-02 9.6192e-03  0.0000e+00  2.4580e+00
