  #     beta     phi_d     phi_m   phi_m_small     phi_m_smoomth_x     phi_m_smoomth_y     phi_m_smoomth_z      phi
   1 1.1963e+06 6.7640e+02 3.5279e-06 3.4919e-06 1.7688e-08 1.8347e-08  0.0000e+00  9.6047e+04
   2 5.9817e+05 6.6019e+02 1.3666e-05 1.3526e-05 6.8431e-08 7.1515e-08  0.0000e+00  6.8062e+02
   3 2.9908e+05 6.2997e+02 5.1361e-05 5.0832e-05 2.5664e-07 2.7214e-07  0.0000e+00  6.6836e+02
   4 1.4954e+05 5.7710e+02 1.8264e-04 1.8074e-04 9.0978e-07 9.9172e-07  0.0000e+00  6.4533e+02
   5 7.4771e+04 4.9419e+02 5.9126e-04 5.8495e-04 2.9386e-06 3.3657e-06  0.0000e+00  6.0441e+02
   6 3.7386e+04 3.8417e+02 1.6637e-03 1.6451e-03 8.3255e-06 1.0325e-05  0.0000e+00  5.3840e+02
   7 1.8693e+04 2.6622e+02 3.9335e-03 3.8849e-03 2.0414e-05 2.8144e-05  0.0000e+00  4.4637e+02
   8 9.3464e+03 1.6468e+02 7.7947e-03 7.6821e-03 4.4344e-05 6.8183e-05  0.0000e+00  3.3975e+02
   9 4.6732e+03 9.2702e+01 1.3211e-02 1.2975e-02 8.7874e-05 1.4814e-04  0.0000e+00  2.3753e+02
  10 2.3366e+03 4.9649e+01 1.9637e-02 2.4841e-02 1.7883e-04 3.8313e-04  0.0000e+00  1.5444e+02
  11 2.3366e+03 3.6320e+01 2.9611e-02 3.4679e-02 3.9855e-04 7.8382e-04  0.0000e+00  1.0901e+02
  12 2.3366e+03 3.9271e+01 3.4262e-02 3.9763e-02 4.7293e-04 7.6127e-04  0.0000e+00  1.2011e+02
  13 2.3366e+03 4.2018e+01 3.9559e-02 4.5189e-02 5.5504e-04 8.6181e-04  0.0000e+00  1.3507e+02
  14 2.3366e+03 4.4167e+01 4.5454e-02 5.1096e-02 6.6198e-04 9.9884e-04  0.0000e+00  1.5092e+02
  15 2.3366e+03 4.5488e+01 5.1989e-02 5.7141e-02 8.1288e-04 1.1486e-03  0.0000e+00  1.6744e+02
  16 2.3366e+03 4.5782e+01 5.8813e-02 6.3211e-02 9.7758e-04 1.3157e-03  0.0000e+00  1.8359e+02
  17 2.3366e+03 4.5272e+01 6.5588e-02 6.9011e-02 1.1496e-03 1.4902e-03  0.0000e+00  1.9884e+02
  18 2.3366e+03 4.5166e+01 7.1611e-02 7.5136e-02 1.3263e-03 1.6557e-03  0.0000e+00  2.1269e+02
  19 2.3366e+03 4.4916e+01 7.8167e-02 8.1030e-02 1.5008e-03 1.8159e-03  0.0000e+00  2.2770e+02
  20 2.3366e+03 4.4722e+01 8.4392e-02 8.5779e-02 1.6404e-03 1.9422e-03  0.0000e+00  2.4200e+02
