  #     beta     phi_d     phi_m   phi_m_small     phi_m_smoomth_x     phi_m_smoomth_y     phi_m_smoomth_z      phi
   1 2.8360e+14 1.8137e+02 3.9938e-15 3.9938e-15 0.0000e+00 0.0000e+00  0.0000e+00  1.8593e+02
   2 1.4180e+14 1.7701e+02 1.5487e-14 1.5487e-14 0.0000e+00 0.0000e+00  0.0000e+00  1.8250e+02
   3 7.0900e+13 1.6887e+02 5.8316e-14 5.8316e-14 0.0000e+00 0.0000e+00  0.0000e+00  1.7920e+02
   4 3.5450e+13 1.5454e+02 2.0848e-13 2.0848e-13 0.0000e+00 0.0000e+00  0.0000e+00  1.7300e+02
   5 1.7725e+13 1.3147e+02 6.8834e-13 6.8834e-13 0.0000e+00 0.0000e+00  0.0000e+00  1.6193e+02
   6 8.8626e+12 9.9822e+01 1.9924e-12 1.9924e-12 0.0000e+00 0.0000e+00  0.0000e+00  1.4367e+02
   7 4.4313e+12 6.4800e+01 4.8358e-12 4.8358e-12 0.0000e+00 0.0000e+00  0.0000e+00  1.1748e+02
   8 2.2156e+12 3.5306e+01 9.5323e-12 9.5323e-12 0.0000e+00 0.0000e+00  0.0000e+00  8.6229e+01
   9 1.1078e+12 1.7282e+01 1.5176e-11 1.5176e-11 0.0000e+00 0.0000e+00  0.0000e+00  5.6426e+01
  10 5.5391e+11 8.2432e+00 2.0717e-11 2.0717e-11 0.0000e+00 0.0000e+00  0.0000e+00  3.4095e+01
  11 2.7695e+11 4.4205e+00 2.5462e-11 2.5462e-11 0.0000e+00 0.0000e+00  0.0000e+00  1.9718e+01
  12 1.3848e+11 2.7517e+00 2.9605e-11 2.9605e-11 0.0000e+00 0.0000e+00  0.0000e+00  1.1472e+01
  13 6.9239e+10 2.0566e+00 3.3035e-11 3.3035e-11 0.0000e+00 0.0000e+00  0.0000e+00  6.8513e+00
  14 3.4619e+10 1.8025e+00 3.5519e-11 3.5519e-11 0.0000e+00 0.0000e+00  0.0000e+00  4.3438e+00
  15 1.7310e+10 1.7210e+00 3.7100e-11 3.7100e-11 0.0000e+00 0.0000e+00  0.0000e+00  3.0322e+00
  16 8.6548e+09 1.6850e+00 3.8306e-11 3.8306e-11 0.0000e+00 0.0000e+00  0.0000e+00  2.3632e+00
  17 4.3274e+09 1.6850e+00 3.8306e-11 3.8306e-11 0.0000e+00 0.0000e+00  0.0000e+00  2.0166e+00
  18 2.1637e+09 1.6768e+00 3.9071e-11 3.9071e-11 0.0000e+00 0.0000e+00  0.0000e+00  1.8508e+00
  19 1.0819e+09 1.6768e+00 3.9071e-11 3.9071e-11 0.0000e+00 0.0000e+00  0.0000e+00  1.7614e+00
  20 5.4093e+08 1.6768e+00 3.9071e-11 3.9071e-11 0.0000e+00 0.0000e+00  0.0000e+00  1.7191e+00
  21 2.7046e+08 1.6768e+00 3.9071e-11 3.9071e-11 0.0000e+00 0.0000e+00  0.0000e+00  1.6980e+00
  22 1.3523e+08 1.6768e+00 3.9071e-11 3.9071e-11 0.0000e+00 0.0000e+00  0.0000e+00  1.6874e+00
  23 6.7616e+07 1.6768e+00 3.9071e-11 3.9071e-11 0.0000e+00 0.0000e+00  0.0000e+00  1.6821e+00
  24 3.3808e+07 1.6768e+00 3.9071e-11 3.9071e-11 0.0000e+00 0.0000e+00  0.0000e+00  1.6795e+00
  25 1.6904e+07 1.6768e+00 3.9071e-11 3.9071e-11 0.0000e+00 0.0000e+00  0.0000e+00  1.6782e+00
  26 8.4520e+06 1.6768e+00 3.9071e-11 3.9071e-11 0.0000e+00 0.0000e+00  0.0000e+00  1.6775e+00
  27 4.2260e+06 1.6768e+00 3.9071e-11 3.9071e-11 0.0000e+00 0.0000e+00  0.0000e+00  1.6772e+00
  28 2.1130e+06 1.6768e+00 3.9071e-11 3.9071e-11 0.0000e+00 0.0000e+00  0.0000e+00  1.6770e+00
  29 1.0565e+06 1.6768e+00 3.9071e-11 3.9071e-11 0.0000e+00 0.0000e+00  0.0000e+00  1.6769e+00
  30 5.2825e+05 1.6768e+00 3.9071e-11 3.9071e-11 0.0000e+00 0.0000e+00  0.0000e+00  1.6769e+00
