  #     beta     phi_d     phi_m   phi_m_small     phi_m_smoomth_x     phi_m_smoomth_y     phi_m_smoomth_z      phi
   1 2.8360e+14 1.8137e+02 3.9938e-15 3.9938e-15 0.0000e+00 0.0000e+00  0.0000e+00  1.8593e+02
   2 1.4180e+14 1.7701e+02 1.5487e-14 1.5487e-14 0.0000e+00 0.0000e+00  0.0000e+00  1.8250e+02
   3 7.0900e+13 1.6887e+02 5.8316e-14 5.8316e-14 0.0000e+00 0.0000e+00  0.0000e+00  1.7920e+02
   4 3.5450e+13 1.5454e+02 2.0848e-13 2.0848e-13 0.0000e+00 0.0000e+00  0.0000e+00  1.7300e+02
   5 1.7725e+13 1.3147e+02 6.8834e-13 6.8834e-13 0.0000e+00 0.0000e+00  0.0000e+00  1.6193e+02
   6 8.8626e+12 9.9822e+01 1.9924e-12 1.9924e-12 0.0000e+00 0.0000e+00  0.0000e+00  1.4367e+02
   7 4.4313e+12 6.4800e+01 4.8358e-12 4.8358e-12 0.0000e+00 0.0000e+00  0.0000e+00  1.1748e+02
   8 2.2156e+12 3.5306e+01 9.5323e-12 9.5323e-12 0.0000e+00 0.0000e+00  0.0000e+00  8.6229e+01
   9 1.1078e+12 1.7282e+01 1.5176e-11 1.5176e-11 0.0000e+00 0.0000e+00  0.0000e+00  5.6426e+01
  10 5.5391e+11 8.2432e+00 2.0717e-11 2.0717e-11 0.0000e+00 0.0000e+00  0.0000e+00  3.4095e+01
