  #     beta     phi_d     phi_m   phi_m_small     phi_m_smoomth_x     phi_m_smoomth_y     phi_m_smoomth_z      phi
   1 1.8206e+05 4.4600e+02 1.4737e-05 1.4660e-05 2.3302e-08 5.3347e-08  0.0000e+00  5.8513e+04
   2 9.1029e+04 4.3564e+02 5.7301e-05 5.7001e-05 9.1032e-08 2.0872e-07  0.0000e+00  4.4868e+02
   3 4.5514e+04 4.1618e+02 2.1693e-04 2.1578e-04 3.4781e-07 7.9971e-07  0.0000e+00  4.4086e+02
   4 2.2757e+04 3.8160e+02 7.8177e-04 7.7754e-04 1.2757e-06 2.9478e-06  0.0000e+00  4.2605e+02
   5 1.1379e+04 3.2592e+02 2.5885e-03 2.5740e-03 4.3638e-06 1.0159e-05  0.0000e+00  3.9939e+02
   6 5.6893e+03 2.4912e+02 7.5202e-03 7.4753e-03 1.3410e-05 3.1487e-05  0.0000e+00  3.5537e+02
   7 2.8446e+03 1.6362e+02 1.8348e-02 1.8228e-02 3.5713e-05 8.4164e-05  0.0000e+00  2.9190e+02
   8 1.4223e+03 8.9969e+01 3.6716e-02 3.6447e-02 8.0712e-05 1.8816e-04  0.0000e+00  2.1582e+02
   9 7.1116e+02 4.1328e+01 6.0613e-02 6.0109e-02 1.5469e-04 3.4924e-04  0.0000e+00  1.4219e+02
