  #     beta     phi_d     phi_m   phi_m_small     phi_m_smoomth_x     phi_m_smoomth_y     phi_m_smoomth_z      phi
   1 2.8360e+14 1.8124e+02 1.3192e-14 1.3192e-14 0.0000e+00 0.0000e+00  0.0000e+00  6.1337e+04
   2 1.4180e+14 1.7720e+02 1.4828e-14 1.4828e-14 0.0000e+00 0.0000e+00  0.0000e+00  1.8498e+02
   3 7.0900e+13 1.6888e+02 5.8267e-14 5.8267e-14 0.0000e+00 0.0000e+00  0.0000e+00  1.7930e+02
   4 3.5450e+13 1.5453e+02 2.0860e-13 2.0860e-13 0.0000e+00 0.0000e+00  0.0000e+00  1.7301e+02
   5 1.7725e+13 1.3158e+02 6.8579e-13 6.8579e-13 0.0000e+00 0.0000e+00  0.0000e+00  1.6192e+02
   6 8.8626e+12 9.9727e+01 1.9975e-12 1.9975e-12 0.0000e+00 0.0000e+00  0.0000e+00  1.4374e+02
   7 4.4313e+12 6.3568e+01 4.9731e-12 4.9731e-12 0.0000e+00 0.0000e+00  0.0000e+00  1.1743e+02
   8 2.2156e+12 3.5411e+01 9.5129e-12 9.5129e-12 0.0000e+00 0.0000e+00  0.0000e+00  8.5605e+01
   9 1.1078e+12 1.7299e+01 1.5143e-11 1.5143e-11 0.0000e+00 0.0000e+00  0.0000e+00  5.6488e+01
  10 5.5391e+11 7.9646e+00 2.0978e-11 2.0978e-11 0.0000e+00 0.0000e+00  0.0000e+00  3.4076e+01
  11 2.7695e+11 4.3387e+00 2.5615e-11 2.5615e-11 0.0000e+00 0.0000e+00  0.0000e+00  1.9585e+01
  12 1.3848e+11 2.7910e+00 2.9471e-11 2.9471e-11 0.0000e+00 0.0000e+00  0.0000e+00  1.1433e+01
  13 6.9239e+10 2.0545e+00 3.3044e-11 3.3044e-11 0.0000e+00 0.0000e+00  0.0000e+00  6.8721e+00
  14 3.4619e+10 1.7979e+00 3.5559e-11 3.5559e-11 0.0000e+00 0.0000e+00  0.0000e+00  4.3425e+00
  15 1.7310e+10 1.7143e+00 3.7194e-11 3.7194e-11 0.0000e+00 0.0000e+00  0.0000e+00  3.0289e+00
  16 8.6548e+09 1.6937e+00 3.7978e-11 3.7978e-11 0.0000e+00 0.0000e+00  0.0000e+00  2.3581e+00
  17 4.3274e+09 1.6862e+00 3.8569e-11 3.8569e-11 0.0000e+00 0.0000e+00  0.0000e+00  2.0224e+00
  18 2.1637e+09 1.6819e+00 3.9259e-11 3.9259e-11 0.0000e+00 0.0000e+00  0.0000e+00  1.8531e+00
  19 1.0819e+09 1.6769e+00 4.0975e-11 4.0975e-11 0.0000e+00 0.0000e+00  0.0000e+00  1.7669e+00
  20 5.4093e+08 1.6702e+00 4.5459e-11 4.5459e-11 0.0000e+00 0.0000e+00  0.0000e+00  1.7212e+00
  21 2.7046e+08 1.6629e+00 5.5274e-11 5.5274e-11 0.0000e+00 0.0000e+00  0.0000e+00  1.6948e+00
  22 1.3523e+08 1.6563e+00 7.2704e-11 7.2704e-11 0.0000e+00 0.0000e+00  0.0000e+00  1.6778e+00
  23 6.7616e+07 1.6505e+00 1.0336e-10 1.0336e-10 0.0000e+00 0.0000e+00  0.0000e+00  1.6661e+00
  24 3.3808e+07 1.6437e+00 1.7791e-10 1.7791e-10 0.0000e+00 0.0000e+00  0.0000e+00  1.6575e+00
  25 1.6904e+07 1.6326e+00 4.2114e-10 4.2114e-10 0.0000e+00 0.0000e+00  0.0000e+00  1.6497e+00
  26 8.4520e+06 1.6136e+00 1.2575e-09 1.2575e-09 0.0000e+00 0.0000e+00  0.0000e+00  1.6397e+00
  27 4.2260e+06 1.5832e+00 3.9134e-09 3.9134e-09 0.0000e+00 0.0000e+00  0.0000e+00  1.6242e+00
  28 2.1130e+06 1.5413e+00 1.1161e-08 1.1161e-08 0.0000e+00 0.0000e+00  0.0000e+00  1.5997e+00
  29 1.0565e+06 1.4934e+00 2.7534e-08 2.7534e-08 0.0000e+00 0.0000e+00  0.0000e+00  1.5648e+00
  30 5.2825e+05 1.4471e+00 5.8948e-08 5.8948e-08 0.0000e+00 0.0000e+00  0.0000e+00  1.5225e+00
