  #     beta     phi_d     phi_m   phi_m_small     phi_m_smoomth_x     phi_m_smoomth_y     phi_m_smoomth_z      phi
   1 3.1895e+05 7.5075e+02 1.5527e-05 1.5450e-05 3.3656e-08 4.3452e-08  0.0000e+00  1.0245e+05
   2 1.5948e+05 7.3173e+02 6.0115e-05 5.9815e-05 1.3051e-07 1.6947e-07  0.0000e+00  7.5570e+02
   3 7.9738e+04 6.9633e+02 2.2574e-04 2.2461e-04 4.9168e-07 6.4561e-07  0.0000e+00  7.4132e+02
   4 3.9869e+04 6.3449e+02 8.0172e-04 7.9760e-04 1.7584e-06 2.3570e-06  0.0000e+00  7.1433e+02
   5 1.9935e+04 5.3766e+02 2.5916e-03 2.5778e-03 5.7718e-06 8.0171e-06  0.0000e+00  6.6645e+02
   6 9.9673e+03 4.0925e+02 7.2863e-03 7.2450e-03 1.6772e-05 2.4580e-05  0.0000e+00  5.8932e+02
   7 4.9836e+03 2.7166e+02 1.7217e-02 1.7108e-02 4.2252e-05 6.6075e-05  0.0000e+00  4.8188e+02
   8 2.4918e+03 1.5427e+02 3.3940e-02 3.3695e-02 9.2147e-05 1.5286e-04  0.0000e+00  3.5746e+02
   9 1.2459e+03 7.4050e+01 5.6506e-02 5.6033e-02 1.7355e-04 2.9998e-04  0.0000e+00  2.3884e+02
  10 6.2295e+02 2.9971e+01 8.0996e-02 8.0220e-02 2.7985e-04 4.9586e-04  0.0000e+00  1.4445e+02
