! SIMPLE FORMAT
-2.275000000000000000e+02 -2.175000000000000000e+02 -2.075000000000000000e+02 -1.975000000000000000e+02 -5.146764143437919659e-01 1.129352828687583965e-02
-2.275000000000000000e+02 -2.175000000000000000e+02 -1.975000000000000000e+02 -1.875000000000000000e+02 -1.331334922240415275e-01 3.662669844480830657e-03
-2.275000000000000000e+02 -2.175000000000000000e+02 -1.875000000000000000e+02 -1.775000000000000000e+02 -5.341284365748279195e-02 2.068256873149655964e-03
-2.275000000000000000e+02 -2.175000000000000000e+02 -1.775000000000000000e+02 -1.675000000000000000e+02 -2.716197194255518671e-02 1.543239438851103746e-03
-2.275000000000000000e+02 -2.175000000000000000e+02 -1.675000000000000000e+02 -1.575000000000000000e+02 -1.652992342830803679e-02 1.330598468566160809e-03
-2.275000000000000000e+02 -2.175000000000000000e+02 -1.575000000000000000e+02 -1.475000000000000000e+02 -1.029767969285216508e-02 1.205953593857043244e-03
-2.275000000000000000e+02 -2.175000000000000000e+02 -1.475000000000000000e+02 -1.375000000000000000e+02 -2.462462075014517499e-03 1.049249241500290397e-03
-2.275000000000000000e+02 -2.175000000000000000e+02 -1.375000000000000000e+02 -1.275000000000000000e+02 -2.475305505587343385e-03 1.049506110111746941e-03
-2.275000000000000000e+02 -2.175000000000000000e+02 -1.275000000000000000e+02 -1.175000000000000000e+02 -3.990956129095567934e-03 1.079819122581911293e-03
-2.275000000000000000e+02 -2.175000000000000000e+02 -1.175000000000000000e+02 -1.075000000000000000e+02 -2.839148960283576287e-03 1.056782979205671442e-03
-2.275000000000000000e+02 -2.175000000000000000e+02 -1.075000000000000000e+02 -9.750000000000000000e+01 -2.057539529858997546e-03 1.041150790597179972e-03
-2.275000000000000000e+02 -2.175000000000000000e+02 -9.750000000000000000e+01 -8.750000000000000000e+01 -1.495398290728986238e-03 1.029907965814579832e-03
-2.275000000000000000e+02 -2.175000000000000000e+02 -8.750000000000000000e+01 -7.750000000000000000e+01 -9.989514800582844495e-04 1.019979029601165771e-03
-2.275000000000000000e+02 -2.175000000000000000e+02 -7.750000000000000000e+01 -6.750000000000000000e+01 -8.987448986303055165e-04 1.017974897972606044e-03
-2.275000000000000000e+02 -2.175000000000000000e+02 -6.750000000000000000e+01 -5.750000000000000000e+01 -1.740003352838342260e-03 1.034800067056766823e-03
-2.175000000000000000e+02 -2.075000000000000000e+02 -1.975000000000000000e+02 -1.875000000000000000e+02 -5.148380563070902305e-01 1.129676112614180425e-02
-2.175000000000000000e+02 -2.075000000000000000e+02 -1.875000000000000000e+02 -1.775000000000000000e+02 -1.334361234487315140e-01 3.668722468974630526e-03
-2.175000000000000000e+02 -2.075000000000000000e+02 -1.775000000000000000e+02 -1.675000000000000000e+02 -5.404689782770226436e-02 2.080937956554045325e-03
-2.175000000000000000e+02 -2.075000000000000000e+02 -1.675000000000000000e+02 -1.575000000000000000e+02 -2.864504871425081062e-02 1.572900974285016285e-03
-2.175000000000000000e+02 -2.075000000000000000e+02 -1.575000000000000000e+02 -1.475000000000000000e+02 -1.650389773319530656e-02 1.330077954663906126e-03
-2.175000000000000000e+02 -2.075000000000000000e+02 -1.475000000000000000e+02 -1.375000000000000000e+02 -3.692555917562619777e-03 1.073851118351252425e-03
-2.175000000000000000e+02 -2.075000000000000000e+02 -1.375000000000000000e+02 -1.275000000000000000e+02 -3.493586188444156027e-03 1.069871723768883167e-03
-2.175000000000000000e+02 -2.075000000000000000e+02 -1.275000000000000000e+02 -1.175000000000000000e+02 -5.480875117621963888e-03 1.109617502352439403e-03
-2.175000000000000000e+02 -2.075000000000000000e+02 -1.175000000000000000e+02 -1.075000000000000000e+02 -3.811921340389642920e-03 1.076238426807792862e-03
-2.175000000000000000e+02 -2.075000000000000000e+02 -1.075000000000000000e+02 -9.750000000000000000e+01 -2.703295815325561929e-03 1.054065916306511216e-03
-2.175000000000000000e+02 -2.075000000000000000e+02 -9.750000000000000000e+01 -8.750000000000000000e+01 -1.927766794008136178e-03 1.038555335880162692e-03
-2.175000000000000000e+02 -2.075000000000000000e+02 -8.750000000000000000e+01 -7.750000000000000000e+01 -1.267887004156354608e-03 1.025357740083127122e-03
-2.175000000000000000e+02 -2.075000000000000000e+02 -7.750000000000000000e+01 -6.750000000000000000e+01 -1.114723488918398578e-03 1.022294469778368096e-03
-2.175000000000000000e+02 -2.075000000000000000e+02 -6.750000000000000000e+01 -5.750000000000000000e+01 -2.128597781635392129e-03 1.042571955632707898e-03
-2.175000000000000000e+02 -2.075000000000000000e+02 -5.750000000000000000e+01 -4.750000000000000000e+01 -1.495015809776782667e-03 1.029900316195535726e-03
-2.075000000000000000e+02 -1.975000000000000000e+02 -1.875000000000000000e+02 -1.775000000000000000e+02 -5.153328962037594385e-01 1.130665792407518910e-02
-2.075000000000000000e+02 -1.975000000000000000e+02 -1.775000000000000000e+02 -1.675000000000000000e+02 -1.344907295308272743e-01 3.689814590616545716e-03
-2.075000000000000000e+02 -1.975000000000000000e+02 -1.675000000000000000e+02 -1.575000000000000000e+02 -5.658160668084774580e-02 2.131632133616954798e-03
-2.075000000000000000e+02 -1.975000000000000000e+02 -1.575000000000000000e+02 -1.475000000000000000e+02 -2.891767391967082351e-02 1.578353478393416465e-03
-2.075000000000000000e+02 -1.975000000000000000e+02 -1.475000000000000000e+02 -1.375000000000000000e+02 -5.904972374749406505e-03 1.118099447494988116e-03
-2.075000000000000000e+02 -1.975000000000000000e+02 -1.375000000000000000e+02 -1.275000000000000000e+02 -5.155817604237410146e-03 1.103116352084748198e-03
-2.075000000000000000e+02 -1.975000000000000000e+02 -1.275000000000000000e+02 -1.175000000000000000e+02 -7.806000059814469788e-03 1.156120001196289443e-03
-2.075000000000000000e+02 -1.975000000000000000e+02 -1.175000000000000000e+02 -1.075000000000000000e+02 -5.281752016175474823e-03 1.105635040323509500e-03
-2.075000000000000000e+02 -1.975000000000000000e+02 -1.075000000000000000e+02 -9.750000000000000000e+01 -3.650629146821571247e-03 1.073012582936431472e-03
-2.075000000000000000e+02 -1.975000000000000000e+02 -9.750000000000000000e+01 -8.750000000000000000e+01 -2.546097419087787680e-03 1.050921948381755740e-03
-2.075000000000000000e+02 -1.975000000000000000e+02 -8.750000000000000000e+01 -7.750000000000000000e+01 -1.644634446532075925e-03 1.032892688930641583e-03
-2.075000000000000000e+02 -1.975000000000000000e+02 -7.750000000000000000e+01 -6.750000000000000000e+01 -1.408579842148111744e-03 1.028171596842962238e-03
-2.075000000000000000e+02 -1.975000000000000000e+02 -6.750000000000000000e+01 -5.750000000000000000e+01 -2.647623158407875349e-03 1.052952463168157484e-03
-2.075000000000000000e+02 -1.975000000000000000e+02 -5.750000000000000000e+01 -4.750000000000000000e+01 -1.835994397809657258e-03 1.036719887956193131e-03
-2.075000000000000000e+02 -1.975000000000000000e+02 -4.750000000000000000e+01 -3.750000000000000000e+01 -4.357631431254824217e-04 1.008715262862509626e-03
-1.975000000000000000e+02 -1.875000000000000000e+02 -1.775000000000000000e+02 -1.675000000000000000e+02 -5.172489758335430121e-01 1.134497951667086044e-02
-1.975000000000000000e+02 -1.875000000000000000e+02 -1.675000000000000000e+02 -1.575000000000000000e+02 -1.392822921676699632e-01 3.785645843353399511e-03
-1.975000000000000000e+02 -1.875000000000000000e+02 -1.575000000000000000e+02 -1.475000000000000000e+02 -5.784520967797765478e-02 2.156904193559553221e-03
-1.975000000000000000e+02 -1.875000000000000000e+02 -1.475000000000000000e+02 -1.375000000000000000e+02 -1.032669467613844816e-02 1.206533893522768880e-03
-1.975000000000000000e+02 -1.875000000000000000e+02 -1.375000000000000000e+02 -1.275000000000000000e+02 -8.064448973603789705e-03 1.161288979472075832e-03
-1.975000000000000000e+02 -1.875000000000000000e+02 -1.275000000000000000e+02 -1.175000000000000000e+02 -1.163278544490977534e-02 1.232655708898195606e-03
-1.975000000000000000e+02 -1.875000000000000000e+02 -1.175000000000000000e+02 -1.075000000000000000e+02 -7.605897938867837993e-03 1.152117958777356798e-03
-1.975000000000000000e+02 -1.875000000000000000e+02 -1.075000000000000000e+02 -9.750000000000000000e+01 -5.097157051126663396e-03 1.101943141022533254e-03
-1.975000000000000000e+02 -1.875000000000000000e+02 -9.750000000000000000e+01 -8.750000000000000000e+01 -3.462908668030690446e-03 1.069258173360613856e-03
-1.975000000000000000e+02 -1.875000000000000000e+02 -8.750000000000000000e+01 -7.750000000000000000e+01 -2.190343918687134156e-03 1.043806878373742652e-03
-1.975000000000000000e+02 -1.875000000000000000e+02 -7.750000000000000000e+01 -6.750000000000000000e+01 -1.820812774988984223e-03 1.036416255499779610e-03
-1.975000000000000000e+02 -1.875000000000000000e+02 -6.750000000000000000e+01 -5.750000000000000000e+01 -3.361058957817148612e-03 1.067221179156342898e-03
-1.975000000000000000e+02 -1.875000000000000000e+02 -5.750000000000000000e+01 -4.750000000000000000e+01 -2.297060343608577429e-03 1.045941206872171621e-03
-1.975000000000000000e+02 -1.875000000000000000e+02 -4.750000000000000000e+01 -3.750000000000000000e+01 -5.326681389681451814e-04 1.010653362779363003e-03
-1.975000000000000000e+02 -1.875000000000000000e+02 -3.750000000000000000e+01 -2.750000000000000000e+01 -6.112558899480117700e-04 1.012225117798960317e-03
-1.875000000000000000e+02 -1.775000000000000000e+02 -1.675000000000000000e+02 -1.575000000000000000e+02 -5.276896738782483887e-01 1.155379347756496644e-02
-1.875000000000000000e+02 -1.775000000000000000e+02 -1.575000000000000000e+02 -1.475000000000000000e+02 -1.442019355499593591e-01 3.884038710999187290e-03
-1.875000000000000000e+02 -1.775000000000000000e+02 -1.475000000000000000e+02 -1.375000000000000000e+02 -2.064585736538851468e-02 1.412917147307770228e-03
-1.875000000000000000e+02 -1.775000000000000000e+02 -1.375000000000000000e+02 -1.275000000000000000e+02 -1.365363977488845415e-02 1.273072795497769095e-03
-1.875000000000000000e+02 -1.775000000000000000e+02 -1.275000000000000000e+02 -1.175000000000000000e+02 -1.836028719153322969e-02 1.367205743830664623e-03
-1.875000000000000000e+02 -1.775000000000000000e+02 -1.175000000000000000e+02 -1.075000000000000000e+02 -1.148634113059596173e-02 1.229726822611919334e-03
-1.875000000000000000e+02 -1.775000000000000000e+02 -1.075000000000000000e+02 -9.750000000000000000e+01 -7.412898143368661791e-03 1.148257962867373257e-03
-1.875000000000000000e+02 -1.775000000000000000e+02 -9.750000000000000000e+01 -8.750000000000000000e+01 -4.881569996293834424e-03 1.097631399925876657e-03
-1.875000000000000000e+02 -1.775000000000000000e+02 -8.750000000000000000e+01 -7.750000000000000000e+01 -3.012864793615527975e-03 1.060257295872310589e-03
-1.875000000000000000e+02 -1.775000000000000000e+02 -7.750000000000000000e+01 -6.750000000000000000e+01 -2.421090581712541726e-03 1.048421811634250812e-03
-1.875000000000000000e+02 -1.775000000000000000e+02 -6.750000000000000000e+01 -5.750000000000000000e+01 -4.377424101930047287e-03 1.087548482038600906e-03
-1.875000000000000000e+02 -1.775000000000000000e+02 -5.750000000000000000e+01 -4.750000000000000000e+01 -2.942567933409357718e-03 1.058851358668187140e-03
-1.875000000000000000e+02 -1.775000000000000000e+02 -4.750000000000000000e+01 -3.750000000000000000e+01 -6.645012561998899295e-04 1.013290025123997741e-03
-1.875000000000000000e+02 -1.775000000000000000e+02 -3.750000000000000000e+01 -2.750000000000000000e+01 -7.548280246313567726e-04 1.015096560492627191e-03
-1.875000000000000000e+02 -1.775000000000000000e+02 -2.750000000000000000e+01 -1.750000000000000000e+01 -6.129791131117175162e-04 1.012259582262234467e-03
-1.775000000000000000e+02 -1.675000000000000000e+02 -1.575000000000000000e+02 -1.475000000000000000e+02 -5.498171164311709269e-01 1.199634232862342026e-02
-1.775000000000000000e+02 -1.675000000000000000e+02 -1.475000000000000000e+02 -1.375000000000000000e+02 -5.169427159054225396e-02 2.033885431810844927e-03
-1.775000000000000000e+02 -1.675000000000000000e+02 -1.375000000000000000e+02 -1.275000000000000000e+02 -2.595089145767960626e-02 1.519017829153592250e-03
-1.775000000000000000e+02 -1.675000000000000000e+02 -1.275000000000000000e+02 -1.175000000000000000e+02 -3.119954051810534812e-02 1.623990810362106914e-03
-1.775000000000000000e+02 -1.675000000000000000e+02 -1.175000000000000000e+02 -1.075000000000000000e+02 -1.838612464471351543e-02 1.367722492894270355e-03
-1.775000000000000000e+02 -1.675000000000000000e+02 -1.075000000000000000e+02 -9.750000000000000000e+01 -1.132151674722862295e-02 1.226430334944572436e-03
-1.775000000000000000e+02 -1.675000000000000000e+02 -9.750000000000000000e+01 -8.750000000000000000e+01 -7.183239691124481546e-03 1.143664793822489695e-03
-1.775000000000000000e+02 -1.675000000000000000e+02 -8.750000000000000000e+01 -7.750000000000000000e+01 -4.308943312437273077e-03 1.086178866248745404e-03
-1.775000000000000000e+02 -1.675000000000000000e+02 -7.750000000000000000e+01 -6.750000000000000000e+01 -3.333597045056369002e-03 1.066671940901127349e-03
-1.775000000000000000e+02 -1.675000000000000000e+02 -6.750000000000000000e+01 -5.750000000000000000e+01 -5.887998130610640549e-03 1.117759962612212884e-03
-1.775000000000000000e+02 -1.675000000000000000e+02 -5.750000000000000000e+01 -4.750000000000000000e+01 -3.885381560214284935e-03 1.077707631204285685e-03
-1.775000000000000000e+02 -1.675000000000000000e+02 -4.750000000000000000e+01 -3.750000000000000000e+01 -8.517095297613606203e-04 1.017034190595227311e-03
-1.775000000000000000e+02 -1.675000000000000000e+02 -3.750000000000000000e+01 -2.750000000000000000e+01 -9.564674949388120642e-04 1.019129349898776314e-03
-1.775000000000000000e+02 -1.675000000000000000e+02 -2.750000000000000000e+01 -1.750000000000000000e+01 -7.710015204396855962e-04 1.015420030408793707e-03
-1.775000000000000000e+02 -1.675000000000000000e+02 -1.750000000000000000e+01 -7.500000000000000000e+00 -5.252676945069313999e-04 1.010505353890138631e-03
-1.675000000000000000e+02 -1.575000000000000000e+02 -1.475000000000000000e+02 -1.375000000000000000e+02 -2.008823001432044342e-01 5.017646002864088912e-03
-1.675000000000000000e+02 -1.575000000000000000e+02 -1.375000000000000000e+02 -1.275000000000000000e+02 -5.976333962994537230e-02 2.195266792598907484e-03
-1.675000000000000000e+02 -1.575000000000000000e+02 -1.275000000000000000e+02 -1.175000000000000000e+02 -5.829001414516904456e-02 2.165800282903381120e-03
-1.675000000000000000e+02 -1.575000000000000000e+02 -1.175000000000000000e+02 -1.075000000000000000e+02 -3.143186735449958469e-02 1.628637347089991784e-03
-1.675000000000000000e+02 -1.575000000000000000e+02 -1.075000000000000000e+02 -9.750000000000000000e+01 -1.821625380642453301e-02 1.364325076128490664e-03
-1.675000000000000000e+02 -1.575000000000000000e+02 -9.750000000000000000e+01 -8.750000000000000000e+01 -1.105485525658835011e-02 1.221097105131766988e-03
-1.675000000000000000e+02 -1.575000000000000000e+02 -8.750000000000000000e+01 -7.750000000000000000e+01 -6.419328479285977412e-03 1.128386569585719621e-03
-1.675000000000000000e+02 -1.575000000000000000e+02 -7.750000000000000000e+01 -6.750000000000000000e+01 -4.766695552093438287e-03 1.095333911041868882e-03
-1.675000000000000000e+02 -1.575000000000000000e+02 -6.750000000000000000e+01 -5.750000000000000000e+01 -8.209186308402966620e-03 1.164183726168059336e-03
-1.675000000000000000e+02 -1.575000000000000000e+02 -5.750000000000000000e+01 -4.750000000000000000e+01 -5.311292725910762499e-03 1.106225854518215262e-03
-1.675000000000000000e+02 -1.575000000000000000e+02 -4.750000000000000000e+01 -3.750000000000000000e+01 -1.128019896892241969e-03 1.022560397937844834e-03
-1.675000000000000000e+02 -1.575000000000000000e+02 -3.750000000000000000e+01 -2.750000000000000000e+01 -1.251350970894980763e-03 1.025027019417899549e-03
-1.675000000000000000e+02 -1.575000000000000000e+02 -2.750000000000000000e+01 -1.750000000000000000e+01 -1.000968309872780730e-03 1.020019366197455653e-03
-1.675000000000000000e+02 -1.575000000000000000e+02 -1.750000000000000000e+01 -7.500000000000000000e+00 -6.762126840662401051e-04 1.013524253681324884e-03
-1.675000000000000000e+02 -1.575000000000000000e+02 -7.500000000000000000e+00 2.500000000000000000e+00 -4.670893802981935031e-04 1.009341787605963926e-03
-1.575000000000000000e+02 -1.475000000000000000e+02 -1.375000000000000000e+02 -1.275000000000000000e+02 -1.531819813289775345e-01 4.063639626579551231e-03
-1.575000000000000000e+02 -1.475000000000000000e+02 -1.275000000000000000e+02 -1.175000000000000000e+02 -9.541613521178983481e-02 2.908322704235796925e-03
-1.575000000000000000e+02 -1.475000000000000000e+02 -1.175000000000000000e+02 -1.075000000000000000e+02 -4.423826068944315681e-02 1.884765213788863183e-03
-1.575000000000000000e+02 -1.475000000000000000e+02 -1.075000000000000000e+02 -9.750000000000000000e+01 -2.363283442948929669e-02 1.472656688589786024e-03
-1.575000000000000000e+02 -1.475000000000000000e+02 -9.750000000000000000e+01 -8.750000000000000000e+01 -1.361822093576315479e-02 1.272364418715263203e-03
-1.575000000000000000e+02 -1.475000000000000000e+02 -8.750000000000000000e+01 -7.750000000000000000e+01 -7.639627302373441786e-03 1.152792546047468883e-03
-1.575000000000000000e+02 -1.475000000000000000e+02 -7.750000000000000000e+01 -6.750000000000000000e+01 -5.452748144527144042e-03 1.109054962890542850e-03
-1.575000000000000000e+02 -1.475000000000000000e+02 -6.750000000000000000e+01 -5.750000000000000000e+01 -9.170179348779148448e-03 1.183403586975582912e-03
-1.575000000000000000e+02 -1.475000000000000000e+02 -5.750000000000000000e+01 -4.750000000000000000e+01 -5.828503128066275102e-03 1.116570062561325584e-03
-1.575000000000000000e+02 -1.475000000000000000e+02 -4.750000000000000000e+01 -3.750000000000000000e+01 -1.203499096975740174e-03 1.024069981939514790e-03
-1.575000000000000000e+02 -1.475000000000000000e+02 -3.750000000000000000e+01 -2.750000000000000000e+01 -1.320628682563275771e-03 1.026412573651265580e-03
-1.575000000000000000e+02 -1.475000000000000000e+02 -2.750000000000000000e+01 -1.750000000000000000e+01 -1.049436379051539234e-03 1.020988727581030814e-03
-1.575000000000000000e+02 -1.475000000000000000e+02 -1.750000000000000000e+01 -7.500000000000000000e+00 -7.040377276122875005e-04 1.014080754552245875e-03
-1.575000000000000000e+02 -1.475000000000000000e+02 -7.500000000000000000e+00 2.500000000000000000e+00 -4.817179001617519912e-04 1.009634358003235052e-03
-1.575000000000000000e+02 -1.475000000000000000e+02 2.500000000000000000e+00 1.250000000000000000e+01 -3.785065234733200543e-04 1.007570130469466344e-03
-1.475000000000000000e+02 -1.375000000000000000e+02 -1.275000000000000000e+02 -1.175000000000000000e+02 -1.943277688019470484e-01 4.886555376038941197e-03
-1.475000000000000000e+02 -1.375000000000000000e+02 -1.175000000000000000e+02 -1.075000000000000000e+02 -5.031007731271957412e-02 2.006201546254391538e-03
-1.475000000000000000e+02 -1.375000000000000000e+02 -1.075000000000000000e+02 -9.750000000000000000e+01 -2.011280209305007713e-02 1.402256041861001589e-03
-1.475000000000000000e+02 -1.375000000000000000e+02 -9.750000000000000000e+01 -8.750000000000000000e+01 -9.829777969996709303e-03 1.196595559399934311e-03
-1.475000000000000000e+02 -1.375000000000000000e+02 -8.750000000000000000e+01 -7.750000000000000000e+01 -4.987768206110344132e-03 1.099755364122206999e-03
-1.475000000000000000e+02 -1.375000000000000000e+02 -7.750000000000000000e+01 -6.750000000000000000e+01 -3.212173449694252780e-03 1.064243468993885050e-03
-1.475000000000000000e+02 -1.375000000000000000e+02 -6.750000000000000000e+01 -5.750000000000000000e+01 -5.089582628852713439e-03 1.101791652577054212e-03
-1.475000000000000000e+02 -1.375000000000000000e+02 -5.750000000000000000e+01 -4.750000000000000000e+01 -3.106228145823309965e-03 1.062124562916466272e-03
-1.475000000000000000e+02 -1.375000000000000000e+02 -4.750000000000000000e+01 -3.750000000000000000e+01 -6.022147129498105211e-04 1.012044294258996214e-03
-1.475000000000000000e+02 -1.375000000000000000e+02 -3.750000000000000000e+01 -2.750000000000000000e+01 -6.447878470173902185e-04 1.012895756940347843e-03
-1.475000000000000000e+02 -1.375000000000000000e+02 -2.750000000000000000e+01 -1.750000000000000000e+01 -5.053041251565555149e-04 1.010106082503131044e-03
-1.475000000000000000e+02 -1.375000000000000000e+02 -1.750000000000000000e+01 -7.500000000000000000e+00 -3.342636715863993475e-04 1.006685273431727999e-03
-1.475000000000000000e+02 -1.375000000000000000e+02 -7.500000000000000000e+00 2.500000000000000000e+00 -2.243146875867386113e-04 1.004486293751734706e-03
-1.475000000000000000e+02 -1.375000000000000000e+02 2.500000000000000000e+00 1.250000000000000000e+01 -1.719486441335068422e-04 1.003438972882670201e-03
-1.475000000000000000e+02 -1.375000000000000000e+02 1.250000000000000000e+01 2.250000000000000000e+01 -1.615164312250530650e-04 1.003230328624501013e-03
-1.375000000000000000e+02 -1.275000000000000000e+02 -1.175000000000000000e+02 -1.075000000000000000e+02 -4.088805062225563391e-01 9.177610124451125728e-03
-1.375000000000000000e+02 -1.275000000000000000e+02 -1.075000000000000000e+02 -9.750000000000000000e+01 -9.832820663559269092e-02 2.966564132711853752e-03
-1.375000000000000000e+02 -1.275000000000000000e+02 -9.750000000000000000e+01 -8.750000000000000000e+01 -3.686013660022607885e-02 1.737202732004521641e-03
-1.375000000000000000e+02 -1.275000000000000000e+02 -8.750000000000000000e+01 -7.750000000000000000e+01 -1.610030136553325386e-02 1.322006027310665150e-03
-1.375000000000000000e+02 -1.275000000000000000e+02 -7.750000000000000000e+01 -6.750000000000000000e+01 -9.023731119299403802e-03 1.180474622385988166e-03
-1.375000000000000000e+02 -1.275000000000000000e+02 -6.750000000000000000e+01 -5.750000000000000000e+01 -1.316646158869510391e-02 1.263329231773902038e-03
-1.375000000000000000e+02 -1.275000000000000000e+02 -5.750000000000000000e+01 -4.750000000000000000e+01 -7.607291892417549981e-03 1.152145837848351064e-03
-1.375000000000000000e+02 -1.275000000000000000e+02 -4.750000000000000000e+01 -3.750000000000000000e+01 -1.355027045794350918e-03 1.027100540915887143e-03
-1.375000000000000000e+02 -1.275000000000000000e+02 -3.750000000000000000e+01 -2.750000000000000000e+01 -1.402733873716768831e-03 1.028054677474335345e-03
-1.375000000000000000e+02 -1.275000000000000000e+02 -2.750000000000000000e+01 -1.750000000000000000e+01 -1.079487313954651841e-03 1.021589746279093040e-03
-1.375000000000000000e+02 -1.275000000000000000e+02 -1.750000000000000000e+01 -7.500000000000000000e+00 -7.019002122937122168e-04 1.014038004245874361e-03
-1.375000000000000000e+02 -1.275000000000000000e+02 -7.500000000000000000e+00 2.500000000000000000e+00 -4.602348676584063977e-04 1.009204697353168140e-03
-1.375000000000000000e+02 -1.275000000000000000e+02 2.500000000000000000e+00 1.250000000000000000e+01 -3.424509837150566810e-04 1.006849019674301232e-03
-1.375000000000000000e+02 -1.275000000000000000e+02 1.250000000000000000e+01 2.250000000000000000e+01 -3.120127292644044731e-04 1.006240254585288006e-03
-1.375000000000000000e+02 -1.275000000000000000e+02 2.250000000000000000e+01 3.250000000000000000e+01 -3.306666445286755157e-04 1.006613332890573566e-03
-1.275000000000000000e+02 -1.175000000000000000e+02 -1.075000000000000000e+02 -9.750000000000000000e+01 -5.489788990064154994e-01 1.197957798012831004e-02
-1.275000000000000000e+02 -1.175000000000000000e+02 -9.750000000000000000e+01 -8.750000000000000000e+01 -1.449003455426942366e-01 3.898006910853884805e-03
-1.275000000000000000e+02 -1.175000000000000000e+02 -8.750000000000000000e+01 -7.750000000000000000e+01 -5.387774095400620078e-02 2.077554819080124158e-03
-1.275000000000000000e+02 -1.175000000000000000e+02 -7.750000000000000000e+01 -6.750000000000000000e+01 -2.682414453314074798e-02 1.536482890662815024e-03
-1.275000000000000000e+02 -1.175000000000000000e+02 -6.750000000000000000e+01 -5.750000000000000000e+01 -3.658375178554894303e-02 1.731675035710978890e-03
-1.275000000000000000e+02 -1.175000000000000000e+02 -5.750000000000000000e+01 -4.750000000000000000e+01 -2.026267513913145718e-02 1.405253502782629303e-03
-1.275000000000000000e+02 -1.175000000000000000e+02 -4.750000000000000000e+01 -3.750000000000000000e+01 -3.388135206904879099e-03 1.067762704138097533e-03
-1.275000000000000000e+02 -1.175000000000000000e+02 -3.750000000000000000e+01 -2.750000000000000000e+01 -3.420186721997148238e-03 1.068403734439942994e-03
-1.275000000000000000e+02 -1.175000000000000000e+02 -2.750000000000000000e+01 -1.750000000000000000e+01 -2.598449471199415495e-03 1.051968989423988400e-03
-1.275000000000000000e+02 -1.175000000000000000e+02 -1.750000000000000000e+01 -7.500000000000000000e+00 -1.670824388238314334e-03 1.033416487764766403e-03
-1.275000000000000000e+02 -1.175000000000000000e+02 -7.500000000000000000e+00 2.500000000000000000e+00 -1.080299005357743605e-03 1.021605980107154806e-03
-1.275000000000000000e+02 -1.175000000000000000e+02 2.500000000000000000e+00 1.250000000000000000e+01 -7.899136900374591902e-04 1.015798273800749265e-03
-1.275000000000000000e+02 -1.175000000000000000e+02 1.250000000000000000e+01 2.250000000000000000e+01 -7.070080401132931847e-04 1.014140160802265780e-03
-1.275000000000000000e+02 -1.175000000000000000e+02 2.250000000000000000e+01 3.250000000000000000e+01 -7.401248510331137620e-04 1.014802497020662235e-03
-1.275000000000000000e+02 -1.175000000000000000e+02 3.250000000000000000e+01 4.250000000000000000e+01 -7.507714319737665565e-04 1.015015428639475447e-03
-1.175000000000000000e+02 -1.075000000000000000e+02 -9.750000000000000000e+01 -8.750000000000000000e+01 -5.158639462745939763e-01 1.131727892549188111e-02
-1.175000000000000000e+02 -1.075000000000000000e+02 -8.750000000000000000e+01 -7.750000000000000000e+01 -1.254134366133508871e-01 3.508268732267018006e-03
-1.175000000000000000e+02 -1.075000000000000000e+02 -7.750000000000000000e+01 -6.750000000000000000e+01 -4.806843261104969123e-02 1.961368652220994019e-03
-1.175000000000000000e+02 -1.075000000000000000e+02 -6.750000000000000000e+01 -5.750000000000000000e+01 -5.677656459402111166e-02 2.135531291880422150e-03
-1.175000000000000000e+02 -1.075000000000000000e+02 -5.750000000000000000e+01 -4.750000000000000000e+01 -2.895998555219741338e-02 1.579199711043948427e-03
-1.175000000000000000e+02 -1.075000000000000000e+02 -4.750000000000000000e+01 -3.750000000000000000e+01 -4.295196861703508284e-03 1.085903937234070126e-03
-1.175000000000000000e+02 -1.075000000000000000e+02 -3.750000000000000000e+01 -2.750000000000000000e+01 -4.127719637095721844e-03 1.082554392741914406e-03
-1.175000000000000000e+02 -1.075000000000000000e+02 -2.750000000000000000e+01 -1.750000000000000000e+01 -3.062889732308348573e-03 1.061257794646166923e-03
-1.175000000000000000e+02 -1.075000000000000000e+02 -1.750000000000000000e+01 -7.500000000000000000e+00 -1.932718418066360980e-03 1.038654368361327301e-03
-1.175000000000000000e+02 -1.075000000000000000e+02 -7.500000000000000000e+00 2.500000000000000000e+00 -1.221679349144591531e-03 1.024433586982891921e-03
-1.175000000000000000e+02 -1.075000000000000000e+02 2.500000000000000000e+00 1.250000000000000000e+01 -8.687494594264797559e-04 1.017374989188529625e-03
-1.175000000000000000e+02 -1.075000000000000000e+02 1.250000000000000000e+01 2.250000000000000000e+01 -7.556109106620044480e-04 1.015112218213240101e-03
-1.175000000000000000e+02 -1.075000000000000000e+02 2.250000000000000000e+01 3.250000000000000000e+01 -7.753181951035414965e-04 1.015506363902070807e-03
-1.175000000000000000e+02 -1.075000000000000000e+02 3.250000000000000000e+01 4.250000000000000000e+01 -7.783146607914246187e-04 1.015566293215828435e-03
-1.175000000000000000e+02 -1.075000000000000000e+02 4.250000000000000000e+01 5.250000000000000000e+01 -7.273663966467390149e-04 1.014547327932934905e-03
-1.075000000000000000e+02 -9.750000000000000000e+01 -8.750000000000000000e+01 -7.750000000000000000e+01 -4.949754444879604365e-01 1.089950888975920948e-02
-1.075000000000000000e+02 -9.750000000000000000e+01 -7.750000000000000000e+01 -6.750000000000000000e+01 -1.183403865996505433e-01 3.366807731993010783e-03
-1.075000000000000000e+02 -9.750000000000000000e+01 -6.750000000000000000e+01 -5.750000000000000000e+01 -1.092403786455939801e-01 3.184807572911879832e-03
-1.075000000000000000e+02 -9.750000000000000000e+01 -5.750000000000000000e+01 -4.750000000000000000e+01 -4.925583675563471875e-02 1.985116735112694118e-03
-1.075000000000000000e+02 -9.750000000000000000e+01 -4.750000000000000000e+01 -3.750000000000000000e+01 -6.145397292237755188e-03 1.122907945844755194e-03
-1.075000000000000000e+02 -9.750000000000000000e+01 -3.750000000000000000e+01 -2.750000000000000000e+01 -5.472661774333427431e-03 1.109453235486668621e-03
-1.075000000000000000e+02 -9.750000000000000000e+01 -2.750000000000000000e+01 -1.750000000000000000e+01 -3.923924524077858009e-03 1.078478490481557181e-03
-1.075000000000000000e+02 -9.750000000000000000e+01 -1.750000000000000000e+01 -7.500000000000000000e+00 -2.415250021895219007e-03 1.048305000437904297e-03
-1.075000000000000000e+02 -9.750000000000000000e+01 -7.500000000000000000e+00 2.500000000000000000e+00 -1.484005792120150768e-03 1.029680115842402993e-03
-1.075000000000000000e+02 -9.750000000000000000e+01 2.500000000000000000e+00 1.250000000000000000e+01 -1.019127396308737443e-03 1.020382547926174718e-03
-1.075000000000000000e+02 -9.750000000000000000e+01 1.250000000000000000e+01 2.250000000000000000e+01 -8.543638370021398171e-04 1.017087276740042843e-03
-1.075000000000000000e+02 -9.750000000000000000e+01 2.250000000000000000e+01 3.250000000000000000e+01 -8.537519246138141477e-04 1.017075038492276304e-03
-1.075000000000000000e+02 -9.750000000000000000e+01 3.250000000000000000e+01 4.250000000000000000e+01 -8.454473398429801848e-04 1.016908946796859625e-03
-1.075000000000000000e+02 -9.750000000000000000e+01 4.250000000000000000e+01 5.250000000000000000e+01 -7.836395436105420345e-04 1.015672790872210835e-03
-1.075000000000000000e+02 -9.750000000000000000e+01 5.250000000000000000e+01 6.250000000000000000e+01 -6.982264149702887418e-04 1.013964528299405752e-03
-9.750000000000000000e+01 -8.750000000000000000e+01 -7.750000000000000000e+01 -6.750000000000000000e+01 -4.673478820452311999e-01 1.034695764090462489e-02
-9.750000000000000000e+01 -8.750000000000000000e+01 -6.750000000000000000e+01 -5.750000000000000000e+01 -2.674993231472296285e-01 6.349986462944592555e-03
-9.750000000000000000e+01 -8.750000000000000000e+01 -5.750000000000000000e+01 -4.750000000000000000e+01 -9.884856102981563752e-02 2.976971220596312615e-03
-9.750000000000000000e+01 -8.750000000000000000e+01 -4.750000000000000000e+01 -3.750000000000000000e+01 -9.603119788970573140e-03 1.192062395779411440e-03
-9.750000000000000000e+01 -8.750000000000000000e+01 -3.750000000000000000e+01 -2.750000000000000000e+01 -7.558440782712467360e-03 1.151168815654249377e-03
-9.750000000000000000e+01 -8.750000000000000000e+01 -2.750000000000000000e+01 -1.750000000000000000e+01 -5.144168732159316859e-03 1.102883374643186297e-03
-9.750000000000000000e+01 -8.750000000000000000e+01 -1.750000000000000000e+01 -7.500000000000000000e+00 -3.063316418633825478e-03 1.061266328372676435e-03
-9.750000000000000000e+01 -8.750000000000000000e+01 -7.500000000000000000e+00 2.500000000000000000e+00 -1.818762107681295981e-03 1.036375242153625897e-03
-9.750000000000000000e+01 -8.750000000000000000e+01 2.500000000000000000e+00 1.250000000000000000e+01 -1.198714225145124795e-03 1.023974284502902551e-03
-9.750000000000000000e+01 -8.750000000000000000e+01 1.250000000000000000e+01 2.250000000000000000e+01 -9.614220794652208330e-04 1.019228441589304463e-03
-9.750000000000000000e+01 -8.750000000000000000e+01 2.250000000000000000e+01 3.250000000000000000e+01 -9.297274527444009812e-04 1.018594549054887980e-03
-9.750000000000000000e+01 -8.750000000000000000e+01 3.250000000000000000e+01 4.250000000000000000e+01 -9.053211981983871198e-04 1.018106423963967841e-03
-9.750000000000000000e+01 -8.750000000000000000e+01 4.250000000000000000e+01 5.250000000000000000e+01 -8.310743774561949945e-04 1.016621487549124007e-03
-9.750000000000000000e+01 -8.750000000000000000e+01 5.250000000000000000e+01 6.250000000000000000e+01 -7.351947320105864728e-04 1.014703894640211785e-03
-9.750000000000000000e+01 -8.750000000000000000e+01 6.250000000000000000e+01 7.250000000000000000e+01 -6.404766577060242577e-04 1.012809533154120610e-03
-8.750000000000000000e+01 -7.750000000000000000e+01 -6.750000000000000000e+01 -5.750000000000000000e+01 -1.001687079708333483e+00 2.103374159416667236e-02
-8.750000000000000000e+01 -7.750000000000000000e+01 -5.750000000000000000e+01 -4.750000000000000000e+01 -2.531402026297450147e-01 6.062804052594900420e-03
-8.750000000000000000e+01 -7.750000000000000000e+01 -4.750000000000000000e+01 -3.750000000000000000e+01 -1.682706384065831007e-02 1.336541276813166257e-03
-8.750000000000000000e+01 -7.750000000000000000e+01 -3.750000000000000000e+01 -2.750000000000000000e+01 -1.051940593728430823e-02 1.210388118745686203e-03
-8.750000000000000000e+01 -7.750000000000000000e+01 -2.750000000000000000e+01 -1.750000000000000000e+01 -6.499792230202888765e-03 1.129995844604057874e-03
-8.750000000000000000e+01 -7.750000000000000000e+01 -1.750000000000000000e+01 -7.500000000000000000e+00 -3.669930520138683927e-03 1.073398610402773613e-03
-8.750000000000000000e+01 -7.750000000000000000e+01 -7.500000000000000000e+00 2.500000000000000000e+00 -2.077898916980082042e-03 1.041557978339601636e-03
-8.750000000000000000e+01 -7.750000000000000000e+01 2.500000000000000000e+00 1.250000000000000000e+01 -1.298534117270679772e-03 1.025970682345413642e-03
-8.750000000000000000e+01 -7.750000000000000000e+01 1.250000000000000000e+01 2.250000000000000000e+01 -9.834048013107159203e-04 1.019668096026214374e-03
-8.750000000000000000e+01 -7.750000000000000000e+01 2.250000000000000000e+01 3.250000000000000000e+01 -9.101442251919292237e-04 1.018202884503838614e-03
-8.750000000000000000e+01 -7.750000000000000000e+01 3.250000000000000000e+01 4.250000000000000000e+01 -8.664962793738699778e-04 1.017329925587477516e-03
-8.750000000000000000e+01 -7.750000000000000000e+01 4.250000000000000000e+01 5.250000000000000000e+01 -7.857266984314884711e-04 1.015714533968629756e-03
-8.750000000000000000e+01 -7.750000000000000000e+01 5.250000000000000000e+01 6.250000000000000000e+01 -6.891579998198615886e-04 1.013783159996397296e-03
-8.750000000000000000e+01 -7.750000000000000000e+01 6.250000000000000000e+01 7.250000000000000000e+01 -5.961923218081406281e-04 1.011923846436162773e-03
-8.750000000000000000e+01 -7.750000000000000000e+01 7.250000000000000000e+01 8.250000000000000000e+01 -5.152116366889227320e-04 1.010304232733778493e-03
-7.750000000000000000e+01 -6.750000000000000000e+01 -5.750000000000000000e+01 -4.750000000000000000e+01 -4.181557381149986874e+00 8.463114762299973892e-02
-7.750000000000000000e+01 -6.750000000000000000e+01 -4.750000000000000000e+01 -3.750000000000000000e+01 -1.489391896572175855e-01 3.978783793144351905e-03
-7.750000000000000000e+01 -6.750000000000000000e+01 -3.750000000000000000e+01 -2.750000000000000000e+01 -5.483562070800447608e-02 2.096712414160089612e-03
-7.750000000000000000e+01 -6.750000000000000000e+01 -2.750000000000000000e+01 -1.750000000000000000e+01 -2.538127306465000343e-02 1.507625461293000176e-03
-7.750000000000000000e+01 -6.750000000000000000e+01 -1.750000000000000000e+01 -7.500000000000000000e+00 -1.217830800165534827e-02 1.243566160033106978e-03
-7.750000000000000000e+01 -6.750000000000000000e+01 -7.500000000000000000e+00 2.500000000000000000e+00 -6.050497075061524871e-03 1.121009941501230562e-03
-7.750000000000000000e+01 -6.750000000000000000e+01 2.500000000000000000e+00 1.250000000000000000e+01 -3.296607702744740881e-03 1.065932154054894830e-03
-7.750000000000000000e+01 -6.750000000000000000e+01 1.250000000000000000e+01 2.250000000000000000e+01 -2.145657443271062684e-03 1.042913148865421205e-03
-7.750000000000000000e+01 -6.750000000000000000e+01 2.250000000000000000e+01 3.250000000000000000e+01 -1.750399060035243842e-03 1.035007981200705002e-03
-7.750000000000000000e+01 -6.750000000000000000e+01 3.250000000000000000e+01 4.250000000000000000e+01 -1.555598900294731177e-03 1.031111978005894722e-03
-7.750000000000000000e+01 -6.750000000000000000e+01 4.250000000000000000e+01 5.250000000000000000e+01 -1.359381613918362111e-03 1.027187632278367185e-03
-7.750000000000000000e+01 -6.750000000000000000e+01 5.250000000000000000e+01 6.250000000000000000e+01 -1.163560557089146630e-03 1.023271211141782953e-03
-7.750000000000000000e+01 -6.750000000000000000e+01 6.250000000000000000e+01 7.250000000000000000e+01 -9.878264260687903003e-04 1.019756528521375888e-03
-7.750000000000000000e+01 -6.750000000000000000e+01 7.250000000000000000e+01 8.250000000000000000e+01 -8.402820154386082124e-04 1.016805640308772116e-03
-7.750000000000000000e+01 -6.750000000000000000e+01 8.250000000000000000e+01 9.250000000000000000e+01 -7.235284450446306803e-04 1.014470568900892712e-03
-6.750000000000000000e+01 -5.750000000000000000e+01 -4.750000000000000000e+01 -3.750000000000000000e+01 -1.029728954070038505e+00 2.159457908140077070e-02
-6.750000000000000000e+01 -5.750000000000000000e+01 -3.750000000000000000e+01 -2.750000000000000000e+01 -2.748267422391091341e-01 6.496534844782182565e-03
-6.750000000000000000e+01 -5.750000000000000000e+01 -2.750000000000000000e+01 -1.750000000000000000e+01 -1.082312550713557531e-01 3.164625101427115308e-03
-6.750000000000000000e+01 -5.750000000000000000e+01 -1.750000000000000000e+01 -7.500000000000000000e+00 -4.764354366359421777e-02 1.952870873271884272e-03
-6.750000000000000000e+01 -5.750000000000000000e+01 -7.500000000000000000e+00 2.500000000000000000e+00 -2.222325766781921980e-02 1.444465153356384477e-03
-6.750000000000000000e+01 -5.750000000000000000e+01 2.500000000000000000e+00 1.250000000000000000e+01 -1.136333336433405922e-02 1.227266667286681283e-03
-6.750000000000000000e+01 -5.750000000000000000e+01 1.250000000000000000e+01 2.250000000000000000e+01 -6.871192780561974356e-03 1.137423855611239447e-03
-6.750000000000000000e+01 -5.750000000000000000e+01 2.250000000000000000e+01 3.250000000000000000e+01 -5.232513431118135383e-03 1.104650268622362624e-03
-6.750000000000000000e+01 -5.750000000000000000e+01 3.250000000000000000e+01 4.250000000000000000e+01 -4.461288848067356677e-03 1.089225776961347128e-03
-6.750000000000000000e+01 -5.750000000000000000e+01 4.250000000000000000e+01 5.250000000000000000e+01 -3.809819330898616546e-03 1.076196386617972412e-03
-6.750000000000000000e+01 -5.750000000000000000e+01 5.250000000000000000e+01 6.250000000000000000e+01 -3.212232440278885159e-03 1.064244648805577620e-03
-6.750000000000000000e+01 -5.750000000000000000e+01 6.250000000000000000e+01 7.250000000000000000e+01 -2.696187636699459711e-03 1.053923752733989302e-03
-6.750000000000000000e+01 -5.750000000000000000e+01 7.250000000000000000e+01 8.250000000000000000e+01 -2.272096136888793194e-03 1.045441922737775980e-03
-6.750000000000000000e+01 -5.750000000000000000e+01 8.250000000000000000e+01 9.250000000000000000e+01 -1.940684350523233515e-03 1.038813687010464769e-03
-6.750000000000000000e+01 -5.750000000000000000e+01 9.250000000000000000e+01 1.025000000000000000e+02 -1.710213034074795427e-03 1.034204260681495860e-03
-5.750000000000000000e+01 -4.750000000000000000e+01 -3.750000000000000000e+01 -2.750000000000000000e+01 -6.982489004717942205e-01 1.496497800943588641e-02
-5.750000000000000000e+01 -4.750000000000000000e+01 -2.750000000000000000e+01 -1.750000000000000000e+01 -1.944433007232183874e-01 4.888866014464367596e-03
-5.750000000000000000e+01 -4.750000000000000000e+01 -1.750000000000000000e+01 -7.500000000000000000e+00 -7.367229181232057278e-02 2.473445836246411424e-03
-5.750000000000000000e+01 -4.750000000000000000e+01 -7.500000000000000000e+00 2.500000000000000000e+00 -3.147897179310646387e-02 1.629579435862129298e-03
-5.750000000000000000e+01 -4.750000000000000000e+01 2.500000000000000000e+00 1.250000000000000000e+01 -1.489923160385041995e-02 1.297984632077008428e-03
-5.750000000000000000e+01 -4.750000000000000000e+01 1.250000000000000000e+01 2.250000000000000000e+01 -8.244605492220308252e-03 1.164892109844406195e-03
-5.750000000000000000e+01 -4.750000000000000000e+01 2.250000000000000000e+01 3.250000000000000000e+01 -5.739627368552685516e-03 1.114792547371053731e-03
-5.750000000000000000e+01 -4.750000000000000000e+01 3.250000000000000000e+01 4.250000000000000000e+01 -4.619059935288764851e-03 1.092381198705775266e-03
-5.750000000000000000e+01 -4.750000000000000000e+01 4.250000000000000000e+01 5.250000000000000000e+01 -3.821156000335983877e-03 1.076423120006719802e-03
-5.750000000000000000e+01 -4.750000000000000000e+01 5.250000000000000000e+01 6.250000000000000000e+01 -3.158952952585777213e-03 1.063179059051715591e-03
-5.750000000000000000e+01 -4.750000000000000000e+01 6.250000000000000000e+01 7.250000000000000000e+01 -2.614520247075060450e-03 1.052290404941501334e-03
-5.750000000000000000e+01 -4.750000000000000000e+01 7.250000000000000000e+01 8.250000000000000000e+01 -2.179214261847191997e-03 1.043584285236943835e-03
-5.750000000000000000e+01 -4.750000000000000000e+01 8.250000000000000000e+01 9.250000000000000000e+01 -1.844492623854453867e-03 1.036889852477089176e-03
-5.750000000000000000e+01 -4.750000000000000000e+01 9.250000000000000000e+01 1.025000000000000000e+02 -1.612952996917840776e-03 1.032259059938356793e-03
-5.750000000000000000e+01 -4.750000000000000000e+01 1.025000000000000000e+02 1.125000000000000000e+02 -1.316015440260042205e-03 1.026320308805200865e-03
-4.750000000000000000e+01 -3.750000000000000000e+01 -2.750000000000000000e+01 -1.750000000000000000e+01 -4.618168909059285898e-01 1.023633781811857102e-02
-4.750000000000000000e+01 -3.750000000000000000e+01 -1.750000000000000000e+01 -7.500000000000000000e+00 -1.070149939947027673e-01 3.140299879894055228e-03
-4.750000000000000000e+01 -3.750000000000000000e+01 -7.500000000000000000e+00 2.500000000000000000e+00 -3.602444797110346958e-02 1.720488959422069404e-03
-4.750000000000000000e+01 -3.750000000000000000e+01 2.500000000000000000e+00 1.250000000000000000e+01 -1.440755471968116139e-02 1.288151094393623309e-03
-4.750000000000000000e+01 -3.750000000000000000e+01 1.250000000000000000e+01 2.250000000000000000e+01 -6.599671654316175556e-03 1.131993433086323506e-03
-4.750000000000000000e+01 -3.750000000000000000e+01 2.250000000000000000e+01 3.250000000000000000e+01 -3.654551446995484704e-03 1.073091028939909689e-03
-4.750000000000000000e+01 -3.750000000000000000e+01 3.250000000000000000e+01 4.250000000000000000e+01 -2.456648322655238109e-03 1.049132966453104757e-03
-4.750000000000000000e+01 -3.750000000000000000e+01 4.250000000000000000e+01 5.250000000000000000e+01 -1.826381157719636147e-03 1.036527623154392648e-03
-4.750000000000000000e+01 -3.750000000000000000e+01 5.250000000000000000e+01 6.250000000000000000e+01 -1.416340909094273258e-03 1.028326818181885503e-03
-4.750000000000000000e+01 -3.750000000000000000e+01 6.250000000000000000e+01 7.250000000000000000e+01 -1.123857539704735571e-03 1.022477150794094810e-03
-4.750000000000000000e+01 -3.750000000000000000e+01 7.250000000000000000e+01 8.250000000000000000e+01 -9.086795409273297486e-04 1.018173590818546685e-03
-4.750000000000000000e+01 -3.750000000000000000e+01 8.250000000000000000e+01 9.250000000000000000e+01 -7.512765890036248936e-04 1.015025531780072579e-03
-4.750000000000000000e+01 -3.750000000000000000e+01 9.250000000000000000e+01 1.025000000000000000e+02 -6.447883673248158351e-04 1.012895767346496442e-03
-4.750000000000000000e+01 -3.750000000000000000e+01 1.025000000000000000e+02 1.125000000000000000e+02 -5.190531210847683027e-04 1.010381062421695283e-03
-4.750000000000000000e+01 -3.750000000000000000e+01 1.125000000000000000e+02 1.225000000000000000e+02 -2.731227998002158479e-04 1.005462455996004346e-03
-3.750000000000000000e+01 -2.750000000000000000e+01 -1.750000000000000000e+01 -7.500000000000000000e+00 -5.061359937523277619e-01 1.112271987504655571e-02
-3.750000000000000000e+01 -2.750000000000000000e+01 -7.500000000000000000e+00 2.500000000000000000e+00 -1.217619614755242330e-01 3.435239229510484923e-03
-3.750000000000000000e+01 -2.750000000000000000e+01 2.500000000000000000e+00 1.250000000000000000e+01 -4.173121007725792697e-02 1.834624201545158578e-03
-3.750000000000000000e+01 -2.750000000000000000e+01 1.250000000000000000e+01 2.250000000000000000e+01 -1.700051163584889724e-02 1.340010232716978052e-03
-3.750000000000000000e+01 -2.750000000000000000e+01 2.250000000000000000e+01 3.250000000000000000e+01 -8.167683450535707934e-03 1.163353669010714232e-03
-3.750000000000000000e+01 -2.750000000000000000e+01 3.250000000000000000e+01 4.250000000000000000e+01 -4.778057691336559665e-03 1.095561153826731188e-03
-3.750000000000000000e+01 -2.750000000000000000e+01 4.250000000000000000e+01 5.250000000000000000e+01 -3.221085749896157591e-03 1.064421714997923138e-03
-3.750000000000000000e+01 -2.750000000000000000e+01 5.250000000000000000e+01 6.250000000000000000e+01 -2.346407420722949541e-03 1.046928148414459029e-03
-3.750000000000000000e+01 -2.750000000000000000e+01 6.250000000000000000e+01 7.250000000000000000e+01 -1.786769463483361617e-03 1.035735389269667149e-03
-3.750000000000000000e+01 -2.750000000000000000e+01 7.250000000000000000e+01 8.250000000000000000e+01 -1.403761345646277123e-03 1.028075226912925555e-03
-3.750000000000000000e+01 -2.750000000000000000e+01 8.250000000000000000e+01 9.250000000000000000e+01 -1.136284404557795676e-03 1.022725688091156038e-03
-3.750000000000000000e+01 -2.750000000000000000e+01 9.250000000000000000e+01 1.025000000000000000e+02 -9.596502198174214696e-04 1.019193004396348355e-03
-3.750000000000000000e+01 -2.750000000000000000e+01 1.025000000000000000e+02 1.125000000000000000e+02 -7.640207708699666214e-04 1.015280415417399397e-03
-3.750000000000000000e+01 -2.750000000000000000e+01 1.125000000000000000e+02 1.225000000000000000e+02 -3.977497323514331620e-04 1.007954994647028727e-03
-3.750000000000000000e+01 -2.750000000000000000e+01 1.225000000000000000e+02 1.325000000000000000e+02 -3.904151101669509419e-04 1.007808302203338970e-03
-2.750000000000000000e+01 -1.750000000000000000e+01 -7.500000000000000000e+00 2.500000000000000000e+00 -5.144250976851565405e-01 1.128850195370312975e-02
-2.750000000000000000e+01 -1.750000000000000000e+01 2.500000000000000000e+00 1.250000000000000000e+01 -1.248921434197205194e-01 3.497842868394410339e-03
-2.750000000000000000e+01 -1.750000000000000000e+01 1.250000000000000000e+01 2.250000000000000000e+01 -4.284423562022247889e-02 1.856884712404449720e-03
-2.750000000000000000e+01 -1.750000000000000000e+01 2.250000000000000000e+01 3.250000000000000000e+01 -1.756443399889529369e-02 1.351288679977905981e-03
-2.750000000000000000e+01 -1.750000000000000000e+01 3.250000000000000000e+01 4.250000000000000000e+01 -8.646020540821999084e-03 1.172920410816439933e-03
-2.750000000000000000e+01 -1.750000000000000000e+01 4.250000000000000000e+01 5.250000000000000000e+01 -5.031936179506365375e-03 1.100638723590127406e-03
-2.750000000000000000e+01 -1.750000000000000000e+01 5.250000000000000000e+01 6.250000000000000000e+01 -3.290000613911551325e-03 1.065800012278230943e-03
-2.750000000000000000e+01 -1.750000000000000000e+01 6.250000000000000000e+01 7.250000000000000000e+01 -2.319483526336140258e-03 1.046389670526722904e-03
-2.750000000000000000e+01 -1.750000000000000000e+01 7.250000000000000000e+01 8.250000000000000000e+01 -1.723042495545381789e-03 1.034460849910907561e-03
-2.750000000000000000e+01 -1.750000000000000000e+01 8.250000000000000000e+01 9.250000000000000000e+01 -1.337385468359749384e-03 1.026747709367194922e-03
-2.750000000000000000e+01 -1.750000000000000000e+01 9.250000000000000000e+01 1.025000000000000000e+02 -1.093898562286695769e-03 1.021877971245734040e-03
-2.750000000000000000e+01 -1.750000000000000000e+01 1.025000000000000000e+02 1.125000000000000000e+02 -8.520703908191824827e-04 1.017041407816383740e-03
-2.750000000000000000e+01 -1.750000000000000000e+01 1.125000000000000000e+02 1.225000000000000000e+02 -4.343440527362794554e-04 1.008686881054725662e-03
-2.750000000000000000e+01 -1.750000000000000000e+01 1.225000000000000000e+02 1.325000000000000000e+02 -4.184193144584997734e-04 1.008368386289170077e-03
-2.750000000000000000e+01 -1.750000000000000000e+01 1.325000000000000000e+02 1.425000000000000000e+02 -5.245322456169246653e-04 1.010490644912338549e-03
-1.750000000000000000e+01 -7.500000000000000000e+00 2.500000000000000000e+00 1.250000000000000000e+01 -5.184483604305547555e-01 1.136896720861109433e-02
-1.750000000000000000e+01 -7.500000000000000000e+00 1.250000000000000000e+01 2.250000000000000000e+01 -1.259563605797497376e-01 3.519127211594994930e-03
-1.750000000000000000e+01 -7.500000000000000000e+00 2.250000000000000000e+01 3.250000000000000000e+01 -4.313277808956985510e-02 1.862655561791397209e-03
-1.750000000000000000e+01 -7.500000000000000000e+00 3.250000000000000000e+01 4.250000000000000000e+01 -1.819230885712181528e-02 1.363846177142436292e-03
-1.750000000000000000e+01 -7.500000000000000000e+00 4.250000000000000000e+01 5.250000000000000000e+01 -9.171105306168002985e-03 1.183422106123360046e-03
-1.750000000000000000e+01 -7.500000000000000000e+00 5.250000000000000000e+01 6.250000000000000000e+01 -5.306528648179481902e-03 1.106130572963589642e-03
-1.750000000000000000e+01 -7.500000000000000000e+00 6.250000000000000000e+01 7.250000000000000000e+01 -3.389941357263229899e-03 1.067798827145264619e-03
-1.750000000000000000e+01 -7.500000000000000000e+00 7.250000000000000000e+01 8.250000000000000000e+01 -2.327952762517928459e-03 1.046559055250358616e-03
-1.750000000000000000e+01 -7.500000000000000000e+00 8.250000000000000000e+01 9.250000000000000000e+01 -1.696465531384677011e-03 1.033929310627693544e-03
-1.750000000000000000e+01 -7.500000000000000000e+00 9.250000000000000000e+01 1.025000000000000000e+02 -1.319092386652054999e-03 1.026381847733041138e-03
-1.750000000000000000e+01 -7.500000000000000000e+00 1.025000000000000000e+02 1.125000000000000000e+02 -9.912851501241862553e-04 1.019825703002483729e-03
-1.750000000000000000e+01 -7.500000000000000000e+00 1.125000000000000000e+02 1.225000000000000000e+02 -4.877641156424208924e-04 1.009755282312848430e-03
-1.750000000000000000e+01 -7.500000000000000000e+00 1.225000000000000000e+02 1.325000000000000000e+02 -4.549513543429120968e-04 1.009099027086858211e-03
-1.750000000000000000e+01 -7.500000000000000000e+00 1.325000000000000000e+02 1.425000000000000000e+02 -5.588001287345862808e-04 1.011176002574691677e-03
-1.750000000000000000e+01 -7.500000000000000000e+00 1.425000000000000000e+02 1.525000000000000000e+02 -4.393882273167840774e-04 1.008787764546335668e-03
-7.500000000000000000e+00 2.500000000000000000e+00 1.250000000000000000e+01 2.250000000000000000e+01 -5.177356124044663055e-01 1.135471224808932630e-02
-7.500000000000000000e+00 2.500000000000000000e+00 2.250000000000000000e+01 3.250000000000000000e+01 -1.251475132699587101e-01 3.502950265399174326e-03
-7.500000000000000000e+00 2.500000000000000000e+00 3.250000000000000000e+01 4.250000000000000000e+01 -4.418140223965776742e-02 1.883628044793155334e-03
-7.500000000000000000e+00 2.500000000000000000e+00 4.250000000000000000e+01 5.250000000000000000e+01 -1.961258636079414586e-02 1.392251727215882947e-03
-7.500000000000000000e+00 2.500000000000000000e+00 5.250000000000000000e+01 6.250000000000000000e+01 -1.023022187760005280e-02 1.204604437552001103e-03
-7.500000000000000000e+00 2.500000000000000000e+00 6.250000000000000000e+01 7.250000000000000000e+01 -5.994678847534410521e-03 1.119893576950688240e-03
-7.500000000000000000e+00 2.500000000000000000e+00 7.250000000000000000e+01 8.250000000000000000e+01 -3.829840249808612318e-03 1.076596804996172345e-03
-7.500000000000000000e+00 2.500000000000000000e+00 8.250000000000000000e+01 9.250000000000000000e+01 -2.626135969457746647e-03 1.052522719389154980e-03
-7.500000000000000000e+00 2.500000000000000000e+00 9.250000000000000000e+01 1.025000000000000000e+02 -1.940088688954351437e-03 1.038801773779087032e-03
-7.500000000000000000e+00 2.500000000000000000e+00 1.025000000000000000e+02 1.125000000000000000e+02 -1.403976693952560702e-03 1.028079533879051313e-03
-7.500000000000000000e+00 2.500000000000000000e+00 1.125000000000000000e+02 1.225000000000000000e+02 -6.651912580253986629e-04 1.013303825160507968e-03
-7.500000000000000000e+00 2.500000000000000000e+00 1.225000000000000000e+02 1.325000000000000000e+02 -5.988220142562209261e-04 1.011976440285124483e-03
-7.500000000000000000e+00 2.500000000000000000e+00 1.325000000000000000e+02 1.425000000000000000e+02 -7.186498148105784078e-04 1.014372996296211693e-03
-7.500000000000000000e+00 2.500000000000000000e+00 1.425000000000000000e+02 1.525000000000000000e+02 -5.532166458154189753e-04 1.011064332916308340e-03
-7.500000000000000000e+00 2.500000000000000000e+00 1.525000000000000000e+02 1.625000000000000000e+02 -4.388627079441754369e-04 1.008777254158883590e-03
2.500000000000000000e+00 1.250000000000000000e+01 2.250000000000000000e+01 3.250000000000000000e+01 -5.144117469476250371e-01 1.128823493895250024e-02
2.500000000000000000e+00 1.250000000000000000e+01 3.250000000000000000e+01 4.250000000000000000e+01 -1.267467352678743608e-01 3.534934705357487255e-03
2.500000000000000000e+00 1.250000000000000000e+01 4.250000000000000000e+01 5.250000000000000000e+01 -4.716577121984585896e-02 1.943315424396917061e-03
2.500000000000000000e+00 1.250000000000000000e+01 5.250000000000000000e+01 6.250000000000000000e+01 -2.204434234302827395e-02 1.440886846860565560e-03
2.500000000000000000e+00 1.250000000000000000e+01 6.250000000000000000e+01 7.250000000000000000e+01 -1.192552353394406989e-02 1.238510470678881462e-03
2.500000000000000000e+00 1.250000000000000000e+01 7.250000000000000000e+01 8.250000000000000000e+01 -7.155162319175067953e-03 1.143103246383501406e-03
2.500000000000000000e+00 1.250000000000000000e+01 8.250000000000000000e+01 9.250000000000000000e+01 -4.659830032220939680e-03 1.093196600644418806e-03
2.500000000000000000e+00 1.250000000000000000e+01 9.250000000000000000e+01 1.025000000000000000e+02 -3.297264897382353593e-03 1.065945297947647023e-03
2.500000000000000000e+00 1.250000000000000000e+01 1.025000000000000000e+02 1.125000000000000000e+02 -2.310990400019113933e-03 1.046219808000382239e-03
2.500000000000000000e+00 1.250000000000000000e+01 1.125000000000000000e+02 1.225000000000000000e+02 -1.060835586419279879e-03 1.021216711728385566e-03
2.500000000000000000e+00 1.250000000000000000e+01 1.225000000000000000e+02 1.325000000000000000e+02 -9.270362907784273840e-04 1.018540725815568525e-03
2.500000000000000000e+00 1.250000000000000000e+01 1.325000000000000000e+02 1.425000000000000000e+02 -1.090699411099572448e-03 1.021813988221991539e-03
2.500000000000000000e+00 1.250000000000000000e+01 1.425000000000000000e+02 1.525000000000000000e+02 -8.243656428955359328e-04 1.016487312857910748e-03
2.500000000000000000e+00 1.250000000000000000e+01 1.525000000000000000e+02 1.625000000000000000e+02 -6.424365464664837447e-04 1.012848730929329652e-03
2.500000000000000000e+00 1.250000000000000000e+01 1.625000000000000000e+02 1.725000000000000000e+02 -5.140588915388522549e-04 1.010281177830777040e-03
1.250000000000000000e+01 2.250000000000000000e+01 3.250000000000000000e+01 4.250000000000000000e+01 -5.162015923127480921e-01 1.132403184625496370e-02
1.250000000000000000e+01 2.250000000000000000e+01 4.250000000000000000e+01 5.250000000000000000e+01 -1.317953838685858026e-01 3.635907677371716298e-03
1.250000000000000000e+01 2.250000000000000000e+01 5.250000000000000000e+01 6.250000000000000000e+01 -5.153042785842844309e-02 2.030608557168568813e-03
1.250000000000000000e+01 2.250000000000000000e+01 6.250000000000000000e+01 7.250000000000000000e+01 -2.517825142898158508e-02 1.503565028579631827e-03
1.250000000000000000e+01 2.250000000000000000e+01 7.250000000000000000e+01 8.250000000000000000e+01 -1.411654379251222474e-02 1.282330875850244472e-03
1.250000000000000000e+01 2.250000000000000000e+01 8.250000000000000000e+01 9.250000000000000000e+01 -8.746805065293104114e-03 1.174936101305862042e-03
1.250000000000000000e+01 2.250000000000000000e+01 9.250000000000000000e+01 1.025000000000000000e+02 -5.953903210725818712e-03 1.119078064214516430e-03
1.250000000000000000e+01 2.250000000000000000e+01 1.025000000000000000e+02 1.125000000000000000e+02 -4.059441807204938746e-03 1.081188836144098692e-03
1.250000000000000000e+01 2.250000000000000000e+01 1.125000000000000000e+02 1.225000000000000000e+02 -1.816004956478456736e-03 1.036320099129569216e-03
1.250000000000000000e+01 2.250000000000000000e+01 1.225000000000000000e+02 1.325000000000000000e+02 -1.550284688209429412e-03 1.031005693764188661e-03
1.250000000000000000e+01 2.250000000000000000e+01 1.325000000000000000e+02 1.425000000000000000e+02 -1.795928972350547756e-03 1.035918579447011028e-03
1.250000000000000000e+01 2.250000000000000000e+01 1.425000000000000000e+02 1.525000000000000000e+02 -1.338281131988325844e-03 1.026765622639766581e-03
1.250000000000000000e+01 2.250000000000000000e+01 1.525000000000000000e+02 1.625000000000000000e+02 -1.028840749435233973e-03 1.020576814988704596e-03
1.250000000000000000e+01 2.250000000000000000e+01 1.625000000000000000e+02 1.725000000000000000e+02 -8.130276369494272501e-04 1.016260552738988644e-03
1.250000000000000000e+01 2.250000000000000000e+01 1.725000000000000000e+02 1.825000000000000000e+02 -6.561404165755313836e-04 1.013122808331510648e-03
2.250000000000000000e+01 3.250000000000000000e+01 4.250000000000000000e+01 5.250000000000000000e+01 -5.198054221219030602e-01 1.139610844243806043e-02
2.250000000000000000e+01 3.250000000000000000e+01 5.250000000000000000e+01 6.250000000000000000e+01 -1.357852642188515091e-01 3.715705284377030307e-03
2.250000000000000000e+01 3.250000000000000000e+01 6.250000000000000000e+01 7.250000000000000000e+01 -5.469973535056205094e-02 2.093994707011241282e-03
2.250000000000000000e+01 3.250000000000000000e+01 7.250000000000000000e+01 8.250000000000000000e+01 -2.753863188116530136e-02 1.550772637623306109e-03
2.250000000000000000e+01 3.250000000000000000e+01 8.250000000000000000e+01 9.250000000000000000e+01 -1.593082075799576169e-02 1.318616415159915229e-03
2.250000000000000000e+01 3.250000000000000000e+01 9.250000000000000000e+01 1.025000000000000000e+02 -1.033744780194977356e-02 1.206748956038995475e-03
2.250000000000000000e+01 3.250000000000000000e+01 1.025000000000000000e+02 1.125000000000000000e+02 -6.830103083016372117e-03 1.136602061660327463e-03
2.250000000000000000e+01 3.250000000000000000e+01 1.125000000000000000e+02 1.225000000000000000e+02 -2.974529166994272639e-03 1.059490583339885465e-03
2.250000000000000000e+01 3.250000000000000000e+01 1.225000000000000000e+02 1.325000000000000000e+02 -2.482178640115038915e-03 1.049643572802300877e-03
2.250000000000000000e+01 3.250000000000000000e+01 1.325000000000000000e+02 1.425000000000000000e+02 -2.834235485577934685e-03 1.056684709711558628e-03
2.250000000000000000e+01 3.250000000000000000e+01 1.425000000000000000e+02 1.525000000000000000e+02 -2.085482933268384062e-03 1.041709658665367728e-03
2.250000000000000000e+01 3.250000000000000000e+01 1.525000000000000000e+02 1.625000000000000000e+02 -1.584601379472763694e-03 1.031692027589455312e-03
2.250000000000000000e+01 3.250000000000000000e+01 1.625000000000000000e+02 1.725000000000000000e+02 -1.239199948559682046e-03 1.024783998971193558e-03
2.250000000000000000e+01 3.250000000000000000e+01 1.725000000000000000e+02 1.825000000000000000e+02 -9.909014321777768336e-04 1.019818028643555653e-03
2.250000000000000000e+01 3.250000000000000000e+01 1.825000000000000000e+02 1.925000000000000000e+02 -8.063905996741928262e-04 1.016127811993483869e-03
3.250000000000000000e+01 4.250000000000000000e+01 5.250000000000000000e+01 6.250000000000000000e+01 -5.188858654947734461e-01 1.137771730989546939e-02
3.250000000000000000e+01 4.250000000000000000e+01 6.250000000000000000e+01 7.250000000000000000e+01 -1.357810682736675101e-01 3.715621365473350483e-03
3.250000000000000000e+01 4.250000000000000000e+01 7.250000000000000000e+01 8.250000000000000000e+01 -5.506031125516112901e-02 2.101206225103222948e-03
3.250000000000000000e+01 4.250000000000000000e+01 8.250000000000000000e+01 9.250000000000000000e+01 -2.810241894023123022e-02 1.562048378804624729e-03
3.250000000000000000e+01 4.250000000000000000e+01 9.250000000000000000e+01 1.025000000000000000e+02 -1.681033672448413452e-02 1.336206734489682772e-03
3.250000000000000000e+01 4.250000000000000000e+01 1.025000000000000000e+02 1.125000000000000000e+02 -1.055619266041787213e-02 1.211123853208357411e-03
3.250000000000000000e+01 4.250000000000000000e+01 1.125000000000000000e+02 1.225000000000000000e+02 -4.412774021769608201e-03 1.088255480435392202e-03
3.250000000000000000e+01 4.250000000000000000e+01 1.225000000000000000e+02 1.325000000000000000e+02 -3.561550973753508514e-03 1.071231019475070174e-03
3.250000000000000000e+01 4.250000000000000000e+01 1.325000000000000000e+02 1.425000000000000000e+02 -3.984700492052715287e-03 1.079694009841054370e-03
3.250000000000000000e+01 4.250000000000000000e+01 1.425000000000000000e+02 1.525000000000000000e+02 -2.882781982123792941e-03 1.057655639642475932e-03
3.250000000000000000e+01 4.250000000000000000e+01 1.525000000000000000e+02 1.625000000000000000e+02 -2.157366020115241909e-03 1.043147320402304859e-03
3.250000000000000000e+01 4.250000000000000000e+01 1.625000000000000000e+02 1.725000000000000000e+02 -1.665014358965081001e-03 1.033300287179301623e-03
3.250000000000000000e+01 4.250000000000000000e+01 1.725000000000000000e+02 1.825000000000000000e+02 -1.316374037818458798e-03 1.026327480756369231e-03
3.250000000000000000e+01 4.250000000000000000e+01 1.825000000000000000e+02 1.925000000000000000e+02 -1.060822072550379226e-03 1.021216441451007614e-03
3.250000000000000000e+01 4.250000000000000000e+01 1.925000000000000000e+02 2.025000000000000000e+02 -8.683687127411564635e-04 1.017367374254823237e-03
4.250000000000000000e+01 5.250000000000000000e+01 6.250000000000000000e+01 7.250000000000000000e+01 -5.171982312123556413e-01 1.134396462424711385e-02
4.250000000000000000e+01 5.250000000000000000e+01 7.250000000000000000e+01 8.250000000000000000e+01 -1.349242374332648153e-01 3.698484748665296570e-03
4.250000000000000000e+01 5.250000000000000000e+01 8.250000000000000000e+01 9.250000000000000000e+01 -5.482673243279788389e-02 2.096534648655957664e-03
4.250000000000000000e+01 5.250000000000000000e+01 9.250000000000000000e+01 1.025000000000000000e+02 -2.861380720286125362e-02 1.572276144057224972e-03
4.250000000000000000e+01 5.250000000000000000e+01 1.025000000000000000e+02 1.125000000000000000e+02 -1.655433949850292769e-02 1.331086789970058540e-03
4.250000000000000000e+01 5.250000000000000000e+01 1.125000000000000000e+02 1.225000000000000000e+02 -6.495915048216265725e-03 1.129918300964325231e-03
4.250000000000000000e+01 5.250000000000000000e+01 1.225000000000000000e+02 1.325000000000000000e+02 -4.983232894287922127e-03 1.099664657885758437e-03
4.250000000000000000e+01 5.250000000000000000e+01 1.325000000000000000e+02 1.425000000000000000e+02 -5.407788398790795703e-03 1.108155767975815961e-03
4.250000000000000000e+01 5.250000000000000000e+01 1.425000000000000000e+02 1.525000000000000000e+02 -3.817470663135914127e-03 1.076349413262718199e-03
4.250000000000000000e+01 5.250000000000000000e+01 1.525000000000000000e+02 1.625000000000000000e+02 -2.795469137574318336e-03 1.055909382751486379e-03
4.250000000000000000e+01 5.250000000000000000e+01 1.625000000000000000e+02 1.725000000000000000e+02 -2.117583387988312624e-03 1.042351667759766273e-03
4.250000000000000000e+01 5.250000000000000000e+01 1.725000000000000000e+02 1.825000000000000000e+02 -1.647718328470087340e-03 1.032954366569401776e-03
4.250000000000000000e+01 5.250000000000000000e+01 1.825000000000000000e+02 1.925000000000000000e+02 -1.309858639661447624e-03 1.026197172793228904e-03
4.250000000000000000e+01 5.250000000000000000e+01 1.925000000000000000e+02 2.025000000000000000e+02 -1.059700576066957382e-03 1.021194011521339229e-03
4.250000000000000000e+01 5.250000000000000000e+01 2.025000000000000000e+02 2.125000000000000000e+02 -8.700293255297225636e-04 1.017400586510594550e-03
5.250000000000000000e+01 6.250000000000000000e+01 7.250000000000000000e+01 8.250000000000000000e+01 -5.163320806910279837e-01 1.132664161382055876e-02
5.250000000000000000e+01 6.250000000000000000e+01 8.250000000000000000e+01 9.250000000000000000e+01 -1.347780564459252206e-01 3.695561128918504329e-03
5.250000000000000000e+01 6.250000000000000000e+01 9.250000000000000000e+01 1.025000000000000000e+02 -5.578333921346033397e-02 2.115666784269206423e-03
5.250000000000000000e+01 6.250000000000000000e+01 1.025000000000000000e+02 1.125000000000000000e+02 -2.839172861583579704e-02 1.567834572316715875e-03
5.250000000000000000e+01 6.250000000000000000e+01 1.125000000000000000e+02 1.225000000000000000e+02 -1.016420842373114836e-02 1.203284168474622919e-03
5.250000000000000000e+01 6.250000000000000000e+01 1.225000000000000000e+02 1.325000000000000000e+02 -7.257665522648587553e-03 1.145153310452971807e-03
5.250000000000000000e+01 6.250000000000000000e+01 1.325000000000000000e+02 1.425000000000000000e+02 -7.549565007282127427e-03 1.150991300145642578e-03
5.250000000000000000e+01 6.250000000000000000e+01 1.425000000000000000e+02 1.525000000000000000e+02 -5.157350297706315978e-03 1.103147005954126366e-03
5.250000000000000000e+01 6.250000000000000000e+01 1.525000000000000000e+02 1.625000000000000000e+02 -3.670157903404715899e-03 1.073403158068094321e-03
5.250000000000000000e+01 6.250000000000000000e+01 1.625000000000000000e+02 1.725000000000000000e+02 -2.713153391893700916e-03 1.054263067837873935e-03
5.250000000000000000e+01 6.250000000000000000e+01 1.725000000000000000e+02 1.825000000000000000e+02 -2.067866763123062807e-03 1.041357335262461372e-03
5.250000000000000000e+01 6.250000000000000000e+01 1.825000000000000000e+02 1.925000000000000000e+02 -1.615103040726970085e-03 1.032302060814539518e-03
5.250000000000000000e+01 6.250000000000000000e+01 1.925000000000000000e+02 2.025000000000000000e+02 -1.287009223843170111e-03 1.025740184476863501e-03
5.250000000000000000e+01 6.250000000000000000e+01 2.025000000000000000e+02 2.125000000000000000e+02 -1.042897494139918314e-03 1.020857949882798300e-03
5.250000000000000000e+01 6.250000000000000000e+01 2.125000000000000000e+02 2.225000000000000000e+02 -8.572258743173178513e-04 1.017144517486346300e-03
6.250000000000000000e+01 7.250000000000000000e+01 8.250000000000000000e+01 9.250000000000000000e+01 -5.167914306224211662e-01 1.133582861244842449e-02
6.250000000000000000e+01 7.250000000000000000e+01 9.250000000000000000e+01 1.025000000000000000e+02 -1.370574596789508326e-01 3.741149193579016569e-03
6.250000000000000000e+01 7.250000000000000000e+01 1.025000000000000000e+02 1.125000000000000000e+02 -5.612739598817770292e-02 2.122547919763554183e-03
6.250000000000000000e+01 7.250000000000000000e+01 1.125000000000000000e+02 1.225000000000000000e+02 -1.753829369880077066e-02 1.350765873976015555e-03
6.250000000000000000e+01 7.250000000000000000e+01 1.225000000000000000e+02 1.325000000000000000e+02 -1.132526862817182650e-02 1.226505372563436612e-03
6.250000000000000000e+01 7.250000000000000000e+01 1.325000000000000000e+02 1.425000000000000000e+02 -1.112162613946147960e-02 1.222432522789229734e-03
6.250000000000000000e+01 7.250000000000000000e+01 1.425000000000000000e+02 1.525000000000000000e+02 -7.283255793609957895e-03 1.145665115872199127e-03
6.250000000000000000e+01 7.250000000000000000e+01 1.525000000000000000e+02 1.625000000000000000e+02 -5.000359050035641656e-03 1.100007181000712750e-03
6.250000000000000000e+01 7.250000000000000000e+01 1.625000000000000000e+02 1.725000000000000000e+02 -3.586553868828317587e-03 1.071731077376566338e-03
6.250000000000000000e+01 7.250000000000000000e+01 1.725000000000000000e+02 1.825000000000000000e+02 -2.664977312329794637e-03 1.053299546246595862e-03
6.250000000000000000e+01 7.250000000000000000e+01 1.825000000000000000e+02 1.925000000000000000e+02 -2.037203607792978724e-03 1.040744072155859543e-03
6.250000000000000000e+01 7.250000000000000000e+01 1.925000000000000000e+02 2.025000000000000000e+02 -1.593848300631719311e-03 1.031876966012634398e-03
6.250000000000000000e+01 7.250000000000000000e+01 2.025000000000000000e+02 2.125000000000000000e+02 -1.271289608915874420e-03 1.025425792178317466e-03
6.250000000000000000e+01 7.250000000000000000e+01 2.125000000000000000e+02 2.225000000000000000e+02 -1.030712001727334889e-03 1.020614240034546693e-03
7.250000000000000000e+01 8.250000000000000000e+01 9.250000000000000000e+01 1.025000000000000000e+02 -5.223146841174308719e-01 1.144629368234861833e-02
7.250000000000000000e+01 8.250000000000000000e+01 1.025000000000000000e+02 1.125000000000000000e+02 -1.394374996487351970e-01 3.788749992974703874e-03
7.250000000000000000e+01 8.250000000000000000e+01 1.125000000000000000e+02 1.225000000000000000e+02 -3.484214390430699637e-02 1.696842878086139879e-03
7.250000000000000000e+01 8.250000000000000000e+01 1.225000000000000000e+02 1.325000000000000000e+02 -1.938430911495747644e-02 1.387686182299149688e-03
7.250000000000000000e+01 8.250000000000000000e+01 1.325000000000000000e+02 1.425000000000000000e+02 -1.755109154354861367e-02 1.351021830870972277e-03
7.250000000000000000e+01 8.250000000000000000e+01 1.425000000000000000e+02 1.525000000000000000e+02 -1.087896910163032443e-02 1.217579382032606605e-03
7.250000000000000000e+01 8.250000000000000000e+01 1.525000000000000000e+02 1.625000000000000000e+02 -7.142181238271642918e-03 1.142843624765432905e-03
7.250000000000000000e+01 8.250000000000000000e+01 1.625000000000000000e+02 1.725000000000000000e+02 -4.937826896899127210e-03 1.098756537937982565e-03
7.250000000000000000e+01 8.250000000000000000e+01 1.725000000000000000e+02 1.825000000000000000e+02 -3.558936945959691178e-03 1.071178738919193948e-03
7.250000000000000000e+01 8.250000000000000000e+01 1.825000000000000000e+02 1.925000000000000000e+02 -2.652082123631738578e-03 1.053041642472634775e-03
7.250000000000000000e+01 8.250000000000000000e+01 1.925000000000000000e+02 2.025000000000000000e+02 -2.030625120516991663e-03 1.040612502410339897e-03
7.250000000000000000e+01 8.250000000000000000e+01 2.025000000000000000e+02 2.125000000000000000e+02 -1.590067618130646190e-03 1.031801352362612988e-03
7.250000000000000000e+01 8.250000000000000000e+01 2.125000000000000000e+02 2.225000000000000000e+02 -1.268792459137023029e-03 1.025375849182740429e-03
8.250000000000000000e+01 9.250000000000000000e+01 1.025000000000000000e+02 1.125000000000000000e+02 -5.341149235398635620e-01 1.168229847079726991e-02
8.250000000000000000e+01 9.250000000000000000e+01 1.125000000000000000e+02 1.225000000000000000e+02 -8.704265463710922357e-02 2.740853092742184284e-03
8.250000000000000000e+01 9.250000000000000000e+01 1.225000000000000000e+02 1.325000000000000000e+02 -3.782687993315199393e-02 1.756537598663040003e-03
8.250000000000000000e+01 9.250000000000000000e+01 1.325000000000000000e+02 1.425000000000000000e+02 -3.024844581619831607e-02 1.604968916323966377e-03
8.250000000000000000e+01 9.250000000000000000e+01 1.425000000000000000e+02 1.525000000000000000e+02 -1.739793385343732512e-02 1.347958677068746567e-03
8.250000000000000000e+01 9.250000000000000000e+01 1.525000000000000000e+02 1.625000000000000000e+02 -1.078989462229196228e-02 1.215797892445839249e-03
8.250000000000000000e+01 9.250000000000000000e+01 1.625000000000000000e+02 1.725000000000000000e+02 -7.131360427501037824e-03 1.142627208550020795e-03
8.250000000000000000e+01 9.250000000000000000e+01 1.725000000000000000e+02 1.825000000000000000e+02 -4.956283026787716706e-03 1.099125660535754407e-03
8.250000000000000000e+01 9.250000000000000000e+01 1.825000000000000000e+02 1.925000000000000000e+02 -3.584476204392797460e-03 1.071689524087856031e-03
8.250000000000000000e+01 9.250000000000000000e+01 1.925000000000000000e+02 2.025000000000000000e+02 -2.676787728607766051e-03 1.053535754572155385e-03
8.250000000000000000e+01 9.250000000000000000e+01 2.025000000000000000e+02 2.125000000000000000e+02 -2.052168226346089488e-03 1.041043364526921845e-03
8.250000000000000000e+01 9.250000000000000000e+01 2.125000000000000000e+02 2.225000000000000000e+02 -1.608129502391513616e-03 1.032162590047830354e-03
9.250000000000000000e+01 1.025000000000000000e+02 1.125000000000000000e+02 1.225000000000000000e+02 -3.378036413534007965e-01 7.756072827068015776e-03
9.250000000000000000e+01 1.025000000000000000e+02 1.225000000000000000e+02 1.325000000000000000e+02 -9.143465360827177091e-02 2.828693072165435266e-03
9.250000000000000000e+01 1.025000000000000000e+02 1.325000000000000000e+02 1.425000000000000000e+02 -5.877593123615980353e-02 2.175518624723196334e-03
9.250000000000000000e+01 1.025000000000000000e+02 1.425000000000000000e+02 1.525000000000000000e+02 -3.026322814683062024e-02 1.605264562936612599e-03
9.250000000000000000e+01 1.025000000000000000e+02 1.525000000000000000e+02 1.625000000000000000e+02 -1.740395458467999812e-02 1.348079091693600053e-03
9.250000000000000000e+01 1.025000000000000000e+02 1.625000000000000000e+02 1.725000000000000000e+02 -1.087667467481105016e-02 1.217533493496221128e-03
9.250000000000000000e+01 1.025000000000000000e+02 1.725000000000000000e+02 1.825000000000000000e+02 -7.238154353929878576e-03 1.144763087078597618e-03
9.250000000000000000e+01 1.025000000000000000e+02 1.825000000000000000e+02 1.925000000000000000e+02 -5.056173509715215092e-03 1.101123470194304357e-03
9.250000000000000000e+01 1.025000000000000000e+02 1.925000000000000000e+02 2.025000000000000000e+02 -3.670070941742639703e-03 1.073401418834852737e-03
9.250000000000000000e+01 1.025000000000000000e+02 2.025000000000000000e+02 2.125000000000000000e+02 -2.747852436809295612e-03 1.054957048736185907e-03
9.250000000000000000e+01 1.025000000000000000e+02 2.125000000000000000e+02 2.225000000000000000e+02 -2.110593495069559150e-03 1.042211869901391291e-03
1.025000000000000000e+02 1.125000000000000000e+02 1.225000000000000000e+02 1.325000000000000000e+02 -2.798953258150593815e-01 6.597906516301188171e-03
1.025000000000000000e+02 1.125000000000000000e+02 1.325000000000000000e+02 1.425000000000000000e+02 -1.157560495360563935e-01 3.315120990721127925e-03
1.025000000000000000e+02 1.125000000000000000e+02 1.425000000000000000e+02 1.525000000000000000e+02 -4.951049581672839484e-02 1.990209916334567848e-03
1.025000000000000000e+02 1.125000000000000000e+02 1.525000000000000000e+02 1.625000000000000000e+02 -2.561913841643543438e-02 1.512382768328708865e-03
1.025000000000000000e+02 1.125000000000000000e+02 1.625000000000000000e+02 1.725000000000000000e+02 -1.492940916848963656e-02 1.298588183369792700e-03
1.025000000000000000e+02 1.125000000000000000e+02 1.725000000000000000e+02 1.825000000000000000e+02 -9.447262178480724665e-03 1.188945243569614410e-03
1.025000000000000000e+02 1.125000000000000000e+02 1.825000000000000000e+02 1.925000000000000000e+02 -6.351760429259445395e-03 1.127035208585189024e-03
1.025000000000000000e+02 1.125000000000000000e+02 1.925000000000000000e+02 2.025000000000000000e+02 -4.473633792893536715e-03 1.089472675857870720e-03
1.025000000000000000e+02 1.125000000000000000e+02 2.025000000000000000e+02 2.125000000000000000e+02 -3.268731472166906682e-03 1.065374629443338172e-03
1.025000000000000000e+02 1.125000000000000000e+02 2.125000000000000000e+02 2.225000000000000000e+02 -2.460473143845391675e-03 1.049209462876907759e-03
1.125000000000000000e+02 1.225000000000000000e+02 1.325000000000000000e+02 1.425000000000000000e+02 -3.322496897712082231e-01 7.644993795424165003e-03
1.125000000000000000e+02 1.225000000000000000e+02 1.425000000000000000e+02 1.525000000000000000e+02 -8.590753677636300822e-02 2.718150735527260532e-03
1.125000000000000000e+02 1.225000000000000000e+02 1.525000000000000000e+02 1.625000000000000000e+02 -3.443399008773898734e-02 1.688679801754779759e-03
1.125000000000000000e+02 1.225000000000000000e+02 1.625000000000000000e+02 1.725000000000000000e+02 -1.726175533340081752e-02 1.345235106668016397e-03
1.125000000000000000e+02 1.225000000000000000e+02 1.725000000000000000e+02 1.825000000000000000e+02 -9.885768272673584739e-03 1.197715365453471759e-03
1.125000000000000000e+02 1.225000000000000000e+02 1.825000000000000000e+02 1.925000000000000000e+02 -6.189390784059379397e-03 1.123787815681187531e-03
1.125000000000000000e+02 1.225000000000000000e+02 1.925000000000000000e+02 2.025000000000000000e+02 -4.131945822754062511e-03 1.082638916455081228e-03
1.125000000000000000e+02 1.225000000000000000e+02 2.025000000000000000e+02 2.125000000000000000e+02 -2.895546559714841026e-03 1.057910931194296815e-03
1.125000000000000000e+02 1.225000000000000000e+02 2.125000000000000000e+02 2.225000000000000000e+02 -2.107704036456641700e-03 1.042154080729132794e-03
1.225000000000000000e+02 1.325000000000000000e+02 1.425000000000000000e+02 1.525000000000000000e+02 -4.544257807084858269e-01 1.008851561416971784e-02
1.225000000000000000e+02 1.325000000000000000e+02 1.525000000000000000e+02 1.625000000000000000e+02 -1.133723937381087010e-01 3.267447874762174301e-03
1.225000000000000000e+02 1.325000000000000000e+02 1.625000000000000000e+02 1.725000000000000000e+02 -4.434733760463541175e-02 1.886946752092708230e-03
1.225000000000000000e+02 1.325000000000000000e+02 1.725000000000000000e+02 1.825000000000000000e+02 -2.188200646146949702e-02 1.437640129229390005e-03
1.225000000000000000e+02 1.325000000000000000e+02 1.825000000000000000e+02 1.925000000000000000e+02 -1.239620555748008682e-02 1.247924111149601757e-03
1.225000000000000000e+02 1.325000000000000000e+02 1.925000000000000000e+02 2.025000000000000000e+02 -7.700204644567120588e-03 1.154004092891342328e-03
1.225000000000000000e+02 1.325000000000000000e+02 2.025000000000000000e+02 2.125000000000000000e+02 -5.109955909663670137e-03 1.102199118193273415e-03
1.225000000000000000e+02 1.325000000000000000e+02 2.125000000000000000e+02 2.225000000000000000e+02 -3.564182374433405229e-03 1.071283647488668065e-03
1.325000000000000000e+02 1.425000000000000000e+02 1.525000000000000000e+02 1.625000000000000000e+02 -5.345485174643679338e-01 1.169097034928735790e-02
1.325000000000000000e+02 1.425000000000000000e+02 1.625000000000000000e+02 1.725000000000000000e+02 -1.412218467409070144e-01 3.824436934818140500e-03
1.325000000000000000e+02 1.425000000000000000e+02 1.725000000000000000e+02 1.825000000000000000e+02 -5.724578264393870297e-02 2.144915652878774323e-03
1.325000000000000000e+02 1.425000000000000000e+02 1.825000000000000000e+02 1.925000000000000000e+02 -2.889676672663991919e-02 1.577935334532798526e-03
1.325000000000000000e+02 1.425000000000000000e+02 1.925000000000000000e+02 2.025000000000000000e+02 -1.662841484849646861e-02 1.332568296969929454e-03
1.325000000000000000e+02 1.425000000000000000e+02 2.025000000000000000e+02 2.125000000000000000e+02 -1.044738390605249451e-02 1.208947678121049911e-03
1.325000000000000000e+02 1.425000000000000000e+02 2.125000000000000000e+02 2.225000000000000000e+02 -6.992994509641553558e-03 1.139859890192831135e-03
1.425000000000000000e+02 1.525000000000000000e+02 1.625000000000000000e+02 1.725000000000000000e+02 -5.177128573560583202e-01 1.135425714712116549e-02
1.425000000000000000e+02 1.525000000000000000e+02 1.725000000000000000e+02 1.825000000000000000e+02 -1.346377924291840555e-01 3.692755848583681010e-03
1.425000000000000000e+02 1.525000000000000000e+02 1.825000000000000000e+02 1.925000000000000000e+02 -5.408999229501421091e-02 2.081799845900284343e-03
1.425000000000000000e+02 1.525000000000000000e+02 1.925000000000000000e+02 2.025000000000000000e+02 -2.716876094651912016e-02 1.543375218930382545e-03
1.425000000000000000e+02 1.525000000000000000e+02 2.025000000000000000e+02 2.125000000000000000e+02 -1.558920378958566361e-02 1.311784075791713267e-03
1.425000000000000000e+02 1.525000000000000000e+02 2.125000000000000000e+02 2.225000000000000000e+02 -9.777458732075177544e-03 1.195549174641503693e-03
1.525000000000000000e+02 1.625000000000000000e+02 1.725000000000000000e+02 1.825000000000000000e+02 -5.153449917227056476e-01 1.130689983445411217e-02
1.525000000000000000e+02 1.625000000000000000e+02 1.825000000000000000e+02 1.925000000000000000e+02 -1.334253460689431015e-01 3.668506921378862293e-03
1.525000000000000000e+02 1.625000000000000000e+02 1.925000000000000000e+02 2.025000000000000000e+02 -5.339757257530289292e-02 2.067951451506057966e-03
1.525000000000000000e+02 1.625000000000000000e+02 2.025000000000000000e+02 2.125000000000000000e+02 -2.673999242169244894e-02 1.534799848433849104e-03
1.525000000000000000e+02 1.625000000000000000e+02 2.125000000000000000e+02 2.225000000000000000e+02 -1.530671526504676083e-02 1.306134305300935168e-03
1.625000000000000000e+02 1.725000000000000000e+02 1.825000000000000000e+02 1.925000000000000000e+02 -5.148193791273534270e-01 1.129638758254706762e-02
1.625000000000000000e+02 1.725000000000000000e+02 1.925000000000000000e+02 2.025000000000000000e+02 -1.331180448954680795e-01 3.662360897909361802e-03
1.625000000000000000e+02 1.725000000000000000e+02 2.025000000000000000e+02 2.125000000000000000e+02 -5.320402411105776275e-02 2.064080482221155623e-03
1.625000000000000000e+02 1.725000000000000000e+02 2.125000000000000000e+02 2.225000000000000000e+02 -2.661073450000603358e-02 1.532214690000120684e-03
1.725000000000000000e+02 1.825000000000000000e+02 1.925000000000000000e+02 2.025000000000000000e+02 -5.146654758741872060e-01 1.129330951748374473e-02
1.725000000000000000e+02 1.825000000000000000e+02 2.025000000000000000e+02 2.125000000000000000e+02 -1.330199018776948017e-01 3.660398037553896228e-03
1.725000000000000000e+02 1.825000000000000000e+02 2.125000000000000000e+02 2.225000000000000000e+02 -5.313769376383069287e-02 2.062753875276613844e-03
1.825000000000000000e+02 1.925000000000000000e+02 2.025000000000000000e+02 2.125000000000000000e+02 -5.146101480884506252e-01 1.129220296176901284e-02
1.825000000000000000e+02 1.925000000000000000e+02 2.125000000000000000e+02 2.225000000000000000e+02 -1.329819365147313914e-01 3.659638730294627936e-03
1.925000000000000000e+02 2.025000000000000000e+02 2.125000000000000000e+02 2.225000000000000000e+02 -5.145861024303313158e-01 1.129172204860662623e-02
